node_id,offset
991,98579
1067,101999
1067,16623
839,10310
704,89207
949,115259
1013,171618
106,312
839,131887
622,36075
981,11590
881,64346
841,1944
722,2311
977,91646
991,71199
1063,203675
839,91027
981,113014
873,906
981,123136
881,103614
1067,45213
714,36757
917,19450
802,32183
977,103880
839,189700
981,34302
660,4051
881,53112
1057,79274
839,144589
1047,35618
1053,100018
714,9825
981,63483
977,133839
802,40475
1013,135079
925,49647
991,49226
1069,43107
1067,47545
1057,60301
702,141191
977,124857
949,80927
628,128357
1063,70489
1047,51747
1053,124235
1013,140497
628,126394
991,148507
881,121859
1087,76437
839,128520
758,1334
772,6085
831,22293
57,350
688,7756
1067,49169
1087,18418
702,174351
1067,54871
1077,1322
1021,11576
656,56161
714,53624
1023,30151
1061,1353
1057,40918
1063,18743
839,33097
1067,46622
714,17562
1057,66166
1057,3900
684,7389
881,87383
376,72
925,79861
1067,109748
1013,91550
991,88833
1057,77332
839,8840
949,115106
881,52630
322,113
981,54247
949,97115
784,65351
1087,89871
802,59914
925,76722
788,9193
738,19454
971,6876
881,92153
917,28049
1069,27161
628,150887
758,5998
1047,62280
1013,27112
1013,105625
338,148
839,37941
772,12150
764,13467
704,63820
991,139285
802,81944
861,242
828,67649
232,415
1069,1618
911,71783
704,123595
622,36405
738,32491
628,97795
849,34169
919,7692
1087,35650
917,21451
582,446
772,33838
1063,204371
1053,126164
981,11287
1063,143293
925,30099
448,5
738,25665
1087,43078
802,20017
1039,37602
714,3520
881,180691
911,68638
1053,7647
919,48940
1067,86470
991,8066
824,25813
812,11205
702,180607
977,32003
1063,155628
981,126844
991,21001
925,126086
881,21804
1077,23604
1013,16424
839,98333
911,123011
1013,226852
788,5926
1097,29614
981,18976
991,109897
981,130640
1053,3259
1023,10465
784,67156
1053,113539
806,9930
981,155
1053,98771
702,150695
1039,476
919,6034
881,123074
622,25340
831,10475
925,81235
1097,34944
1039,33538
702,164187
714,92060
704,89091
704,75490
881,177070
1067,68223
839,83374
925,57645
255,403
971,36447
911,50963
919,79274
702,58145
991,125988
919,45666
839,152138
963,20470
949,26192
1053,42508
841,20982
1067,4649
704,98623
824,37655
656,6117
784,25008
1039,35531
911,88188
2012,17
1067,38911
1067,39073
991,126193
839,185995
478,257
1053,119159
622,22840
702,171302
911,87425
839,202074
841,18554
1077,1069
1015,9301
1061,4311
981,105057
991,20863
849,9854
656,56318
1067,90774
1057,3382
925,90611
1013,175514
702,120184
738,37115
1063,33093
991,170560
881,111128
1013,61129
1067,30299
802,38778
704,11616
1047,58248
628,115528
764,8850
977,126644
911,19137
1013,720
977,45
784,65863
1013,197338
1057,92538
57,119
628,141943
991,147211
977,61284
849,24495
628,8649
772,30078
971,54274
981,45170
1015,16668
839,87983
881,178104
812,59290
1063,103168
1057,53381
812,6267
1013,176223
1015,3924
190,213
628,30335
806,6720
714,89129
981,131085
702,22878
101,394
1047,61648
1063,215608
1097,41793
1069,70213
981,97781
828,74362
831,754
867,2490
704,109268
85,120
1057,69283
911,29620
1055,56267
1013,181968
1053,60712
839,71690
1063,47134
714,121464
839,123664
1057,86118
1057,68894
828,21628
1013,59458
814,13666
1053,4996
704,22813
1047,68997
911,65686
1013,133680
925,123027
704,23467
628,27388
881,179915
828,51504
814,13180
788,23432
704,38439
1013,192039
1013,65145
702,195370
764,5460
1057,6697
814,10791
824,57840
2162,6
764,12044
788,26137
1087,96543
981,27153
839,167324
806,15267
704,127011
937,2759
772,23612
949,73641
622,6958
981,88454
881,29733
963,3773
963,25697
981,118993
812,38543
481,129
839,12330
596,160
1039,36858
839,94040
1039,53726
881,35993
831,4282
628,129213
881,165016
1063,164805
1039,57393
839,144745
828,46788
784,64562
1067,49990
839,64092
881,1904
656,53332
628,140432
784,11687
784,24068
859,5650
1067,74112
1023,19765
963,8037
977,16552
977,57863
824,39551
628,75014
772,24404
1047,28017
925,15621
714,21932
1063,42945
1069,69808
714,11481
977,163444
1023,8282
622,32674
8,85
839,3766
911,9403
1023,38407
530,112
849,27145
919,95711
949,86292
977,54337
925,108751
925,119885
714,64440
95,264
977,158386
714,132377
977,16690
1067,55393
1013,42818
1063,55169
1063,176153
981,3556
1087,92730
919,93781
784,43917
977,53604
812,425
981,25230
1063,195544
839,28932
1013,162887
1013,37576
1013,204894
1067,82288
977,55231
1061,16663
824,15520
977,106882
1057,43739
881,110916
1023,28928
1047,94707
949,31465
714,123191
814,7484
1013,57492
925,97846
1057,35615
1097,7922
1013,87848
702,6397
841,15757
991,145410
714,11684
565,268
951,8237
784,3896
628,172496
738,20308
839,177991
714,42573
925,57177
919,66000
1013,87230
714,126329
839,108240
704,98596
1063,86183
418,259
1013,51017
628,108979
963,9834
656,49339
1047,94311
917,30129
828,80350
812,9333
977,126302
977,132757
971,12012
758,8317
802,71924
1015,14294
702,181231
1013,103395
925,18643
128,278
1061,15723
1039,8577
704,138063
1053,51487
971,9496
1069,84209
925,116586
981,80633
977,46812
828,60330
977,57127
977,18436
963,21940
991,118687
828,60440
881,106871
714,66652
1013,145923
869,586
1053,24396
881,149762
1069,55536
925,5581
991,184463
1063,67152
1013,158615
925,107985
981,22743
1067,104513
1039,23159
1067,48886
802,55299
420,66
1063,131088
1067,4612
1063,174224
1053,9369
977,172517
1069,88328
949,18265
911,76489
911,63013
702,44393
963,25491
812,10601
784,14955
704,52175
1013,215263
788,17040
859,23843
1013,66384
1063,101300
38,325
1039,41757
981,90979
1063,195825
919,78839
1039,37205
714,130990
1013,221867
628,61137
1067,89919
714,47391
925,41313
714,14880
1057,1018
949,112058
688,3664
1013,118223
1023,14623
1039,44335
881,180540
1027,1401
1053,100365
628,120867
688,1457
1087,52075
881,100918
881,110345
814,24270
1087,21998
1063,38383
628,82952
738,23608
1013,94256
802,75737
628,43612
1063,229111
628,173579
991,55630
784,5644
839,99957
839,92048
702,153208
1013,34181
1057,27159
628,70132
971,5516
839,132958
1013,645
784,53600
1013,21898
628,110016
881,164633
1069,74725
991,29394
1063,130550
656,23454
1015,23891
971,23750
289,346
925,87897
1087,45934
1069,26254
977,76533
628,156637
919,92309
738,1896
977,88719
1013,157416
881,148508
971,52599
1063,119352
1071,231
1013,225910
704,158016
971,48576
828,25880
802,1455
917,79
784,66939
1039,14889
1069,5189
714,42212
1055,33575
917,4066
1055,38261
824,64027
925,119138
704,156796
1013,19879
702,169258
991,709
1047,94056
881,114022
991,100467
702,93798
802,69246
1021,19090
925,46755
911,85882
1063,40212
925,126159
812,40146
919,80974
704,34565
911,114847
1013,106853
714,102005
919,71451
1047,80935
1053,78677
977,81776
839,103079
881,92943
951,2003
1061,23835
859,6028
704,99894
849,25639
919,24152
714,85610
289,250
1063,20389
991,109444
784,4515
1055,41525
881,69351
919,54061
977,57430
911,119649
981,22418
702,160870
1067,390
824,41725
951,5472
1053,87721
881,88420
802,13721
831,1326
1013,168027
828,56436
839,46562
628,17424
1067,55733
1055,45513
814,1090
949,115456
977,156475
881,59150
911,98509
702,79370
772,17884
839,71772
911,50910
1063,29316
628,137514
704,100204
1013,204489
784,82860
772,21530
190,121
704,111414
1067,70801
1063,116242
660,3752
420,259
1063,130719
802,33862
1053,90993
722,5298
1063,215325
839,66845
1015,12574
1047,34952
1057,7423
702,169659
919,12061
881,93328
1023,13962
688,5564
1013,77420
1053,105858
919,96429
911,5371
1057,57453
802,82483
1021,35067
704,67025
1097,39322
919,58958
812,30170
949,117243
472,251
1013,62466
1057,82517
1047,67884
628,86929
925,39903
991,150911
911,15572
991,5722
478,364
881,143839
704,100326
130,155
1055,22860
1063,227597
1047,80513
553,108
925,70811
919,69608
949,11920
1063,150500
1013,206368
434,310
925,123941
628,80899
1063,124238
977,100715
977,86629
839,117971
839,37613
919,9699
1021,23329
1057,35929
859,27416
1069,30316
881,57255
839,175555
991,89953
1015,2568
184,466
1013,61994
738,51744
1069,27547
714,118105
1047,4654
714,92387
977,71289
1063,178923
704,66818
802,43960
1063,134880
704,133283
788,27148
919,53093
1063,198756
831,23889
812,21265
1069,64769
1087,50292
1057,43621
1013,10959
1053,36452
714,54037
881,36346
925,116688
925,8912
991,85442
991,94705
977,6077
704,41250
859,2391
1055,40692
766,7133
766,5378
859,37531
981,58801
1047,87058
1047,86365
1013,81551
1097,39310
1013,33909
704,66837
1053,81023
784,74278
702,38606
991,175855
1013,161222
1023,30921
971,24638
58,331
917,12395
684,7914
45,100
828,61997
704,72612
839,151386
981,59705
1021,17761
628,169671
983,2483
702,113460
802,76965
991,46674
828,2435
702,89832
981,97967
1063,78472
991,123408
628,101868
828,52719
1013,39438
628,45026
738,19526
839,103695
1067,90897
919,121340
802,82637
1061,24739
977,72400
1067,74911
702,139488
1053,15878
977,3622
949,96383
1087,75497
1063,40377
1039,3163
1063,134658
702,138282
788,9416
714,123130
702,198143
1069,86294
342,203
981,24784
812,12916
1055,51953
1087,68881
1039,3896
881,21206
1087,26632
1013,67935
977,66644
1033,147
656,13591
919,99402
1063,24289
1047,102749
1053,131776
1053,66607
881,162696
714,15368
1097,29364
881,156754
122,92
1063,84287
702,108040
1097,3032
828,56575
1013,72286
1097,38950
839,10876
1069,427
1039,25578
977,139180
917,7597
628,100227
949,40814
925,9524
704,76616
881,5625
841,19390
981,8542
704,81033
1063,96577
919,96805
702,128294
925,49067
881,124208
963,1526
714,109384
772,12452
859,14847
1061,11199
814,3640
839,121838
1063,189087
702,168995
802,47789
656,48416
1047,62115
1077,17392
977,16600
704,153814
925,23967
963,22485
991,103520
919,109717
991,146362
1063,49166
702,65780
1057,83848
129,161
824,14918
1015,24639
917,34091
839,158460
919,57011
971,49322
824,52086
828,25081
121,770
839,125983
881,137540
1067,38730
1013,31550
1063,12533
2016,71
1053,21638
1077,14401
977,64944
1013,22527
1057,3002
1055,26212
1013,20062
145,324
772,11115
971,53404
394,32
662,690
688,8247
977,161104
1057,88784
622,1758
702,208274
814,13273
1053,12423
1013,86682
1013,87305
1047,71422
849,12997
738,50644
1063,176261
1087,7420
1053,116154
628,156319
1063,226991
1063,106079
1063,101757
702,90546
977,161452
1069,59301
925,103397
971,29041
662,3571
1069,45057
1067,80597
917,12619
628,13808
977,155954
1015,7158
1087,60599
828,35238
831,21798
1021,30391
824,49084
839,36860
688,21022
1067,97008
963,2699
1067,90694
1023,31158
925,34416
831,1193
628,91826
1021,6121
704,68646
1069,38642
812,11662
981,27713
702,11722
951,11605
839,32497
704,83747
628,172746
977,57437
977,97849
991,1673
628,51452
802,27220
977,113247
977,37738
702,14557
917,18129
831,15571
1057,5408
256,560
714,105237
608,161
881,122242
714,24203
1067,73977
714,126448
981,73721
911,56242
1067,81613
1456,46
981,17419
839,68086
839,133852
949,115825
812,56239
788,7731
911,20324
1013,47859
1097,12899
704,155355
1053,20807
1021,34721
1047,58389
704,25832
1013,218036
359,48
911,50879
684,1789
802,56985
738,35572
784,30637
1053,26056
704,46269
1063,197648
738,55185
184,560
714,55249
628,81611
971,40734
925,41019
1047,79657
919,97772
86,81
1047,27960
702,39336
911,74681
714,94679
949,65282
788,7413
981,87304
981,135545
917,35490
802,9663
1087,60613
925,103608
656,52116
704,104542
1097,21658
949,87206
806,18225
1063,147881
738,15493
714,24172
1063,168327
802,79361
772,25559
704,15747
1039,14051
1057,32491
702,139903
1067,47350
849,29563
824,31982
1055,19235
1053,25987
917,29855
981,65133
1063,151604
919,30744
270,224
784,30686
839,20734
1067,103708
991,106631
849,8780
78,274
1057,92524
766,10938
981,38843
802,73874
702,133226
628,91291
828,73878
839,160940
1063,150131
981,127228
981,46470
1087,8371
1013,177063
814,14554
806,8969
776,5186
1057,48722
788,3331
772,6082
628,56130
1013,50677
917,17293
824,21171
983,1840
656,35638
1039,44467
839,191577
656,33063
714,418
937,169
738,11261
925,8201
839,79199
981,53086
949,8497
919,99523
684,2412
981,84584
1013,226061
859,2611
881,7242
772,6004
881,85230
766,5954
925,85938
784,19119
911,115791
814,11921
704,152750
881,49921
1067,25033
828,130
839,26679
881,60557
1021,10861
977,7180
628,161012
1067,14647
714,111090
981,112690
802,65205
1063,141246
802,79698
1053,47132
694,3422
949,106322
991,49528
764,16735
758,1875
839,75489
704,14082
1069,75840
1087,30239
925,79975
714,117422
1087,36438
831,20763
977,110545
628,527
963,3645
1055,13291
1013,145298
1013,88958
1063,165214
714,95070
812,27523
1063,112993
839,96423
1067,107759
1013,67272
831,3139
911,30061
1053,125590
1013,9408
622,33793
1087,96996
919,90964
1057,54492
812,17128
917,22295
949,11641
1053,100044
628,3211
714,62638
1097,27815
704,128467
839,190385
702,119729
788,39609
656,27069
991,69797
1047,92097
628,106925
949,116370
738,24628
1055,30523
911,43224
482,12
981,61180
1047,39410
788,16480
925,2221
714,48631
1069,81360
963,10316
1047,96943
1057,68969
702,33836
1047,97975
949,99570
802,75872
1023,38518
977,42213
839,119594
688,11011
622,14594
628,170552
949,115407
919,15532
1069,62232
1013,61365
881,105600
839,21368
977,145621
1055,56703
554,363
925,32829
1053,1507
1057,37563
738,39465
1063,66550
911,65981
1047,15562
1063,116860
1057,57279
704,151732
977,32061
881,154485
991,58978
881,159451
1063,30713
702,56994
1021,17717
991,19300
702,4563
1087,74798
1087,16271
702,95897
802,41796
1013,88201
824,51480
981,49116
1055,44147
1055,75
1047,102428
881,185224
1077,9591
580,565
949,76715
776,1640
704,124794
802,30053
925,40834
881,20954
991,178253
1055,13922
406,334
802,56292
977,12062
494,13
702,132255
1069,49552
839,82196
839,121980
1069,87866
981,120333
911,32742
684,9270
951,7973
714,94988
1013,119570
839,159581
1087,28210
1023,22127
1053,73113
1057,95881
1013,93945
1452,51
849,22024
702,101757
738,34607
714,110357
824,47859
925,29294
828,77721
766,1709
1087,65335
704,118852
971,40193
1015,1973
1053,93238
628,53714
1047,88439
881,66952
1069,64422
951,12919
963,3716
977,37464
702,203299
1047,63745
881,127890
784,25574
977,29914
704,56599
949,77028
628,54714
828,58739
702,67614
59,178
919,86212
714,127057
738,20721
1087,30100
963,16450
714,126819
971,35033
919,100219
1069,36273
911,32010
702,99263
802,17021
784,8687
102,256
714,2386
828,22465
802,43760
981,54607
628,11332
788,15673
714,28333
991,100615
704,85459
806,579
1087,1514
839,113917
702,199456
702,95557
919,73482
1067,106923
1047,36794
1057,72184
704,59698
714,107077
648,3942
814,16210
828,27950
1013,140605
1063,158716
859,40574
1063,164197
660,4184
1069,56808
977,109425
1057,77555
881,58315
1013,99992
1047,17883
1087,105266
412,146
1047,107354
704,71257
1069,43347
105,75
919,18210
740,1239
1021,714
704,117950
262,419
1055,39608
806,17266
738,30663
971,26853
1047,69927
812,52905
991,179141
919,94616
977,148545
1039,14245
991,48349
977,26578
1063,140551
1087,94272
981,106516
1063,226382
1053,44924
1063,25904
722,4976
722,5570
688,19511
1067,86943
738,40569
919,6633
1087,5067
812,46208
784,66640
1087,63597
1039,46120
881,24963
1039,40020
1053,102344
413,343
702,179429
628,8744
977,61461
949,95523
977,48165
1047,21283
814,1252
991,25875
839,53894
991,145535
828,21743
426,15
1063,122213
1047,97607
919,788
849,24424
738,36989
981,135096
704,91444
919,124825
1013,60170
1021,13016
1063,116225
702,29860
911,31430
837,1544
1097,22381
981,10122
837,1197
702,175449
925,95784
585,412
971,14443
1023,7049
911,85688
622,8973
714,13590
802,33771
919,95894
839,87412
824,18749
1097,1833
949,104221
919,84953
702,88196
839,144686
788,32553
859,39198
839,79875
784,87146
911,77389
772,10501
702,62915
1069,23138
977,30443
828,78808
1063,222223
704,145105
881,99291
628,1949
776,1324
981,100557
911,63758
1087,82331
911,32868
1063,169598
849,11961
919,168
1013,162187
951,1185
1057,21437
839,180052
841,12649
991,6191
1021,22909
981,69821
1039,11949
714,106000
1053,40337
1013,162021
981,119706
714,35110
991,67122
1013,75166
1061,12830
949,99524
925,72294
911,40787
981,50888
1073,218
812,53351
925,91715
991,144558
951,12772
1013,176440
648,1548
911,39541
1055,15737
1063,38694
628,35890
628,62439
656,37353
622,34948
925,115953
859,2854
656,62450
919,67965
1053,23865
656,40343
977,174023
628,1039
1013,90247
1013,83792
1057,92823
812,29861
1057,21432
1053,118292
1055,53756
977,167923
197,463
802,11732
925,101693
802,74462
704,31589
975,1529
1097,26938
1067,46458
911,110192
1013,191797
949,35530
991,110803
977,8976
366,192
991,111378
977,42855
702,137764
1069,13632
1063,69879
1039,24525
983,2222
1077,20641
831,14227
1069,83542
628,88116
764,2483
951,254
1067,43832
881,170078
991,104197
1063,91980
839,82712
937,4967
688,18575
925,4966
738,7821
714,62924
881,149792
1087,87510
1015,21037
991,166919
991,167917
919,103443
802,57508
714,45164
814,4623
628,133295
839,114176
859,43568
1067,52363
949,84994
1021,32784
484,331
714,75913
784,1781
925,82134
1063,76132
919,37780
981,27465
828,44720
925,38011
628,71851
828,50954
1047,34541
991,73052
981,2782
971,40654
814,21889
1013,153031
684,7185
991,164131
859,9617
841,18314
1015,17765
917,27482
772,164
1063,89529
1039,31782
1097,18879
925,34414
802,1662
859,2700
951,10937
1067,3480
1063,57796
911,43652
1055,10677
981,67214
714,86346
981,12661
702,198166
977,44
977,146017
1055,982
919,119183
1087,107063
925,62507
991,156526
632,1108
788,30419
135,66
1057,61366
839,7389
911,98780
977,147238
1067,37540
977,116513
971,26255
592,67
1013,107375
1053,14556
784,69583
991,172407
1023,41631
1063,69559
1013,24093
1069,60601
991,144725
622,17800
1057,2671
1013,84799
1053,102236
1091,558
919,107135
1013,132203
991,2512
622,13379
628,83784
981,70187
977,108543
1023,8054
1023,13941
1063,94694
849,13607
806,9569
1063,145128
841,3453
784,3631
1047,11434
1067,100525
1063,82453
702,20608
1047,58516
911,20617
784,7510
121,290
824,55229
1021,14301
702,7067
714,118975
764,1842
949,118840
812,52482
828,46417
704,65199
784,71686
766,342
828,11108
159,467
839,27266
1023,37513
702,148184
1023,12894
628,61271
806,7733
714,122373
1013,182926
1067,28814
702,195524
702,161761
788,25576
114,249
1063,30323
628,118812
925,6339
628,120977
1023,24360
148,278
802,45247
977,48823
919,109690
688,10435
714,91197
1013,67806
628,10662
1057,70799
1063,53419
714,120030
1055,38637
420,192
977,138772
991,89741
1087,24971
1087,54907
1087,82249
628,81791
991,53387
714,4569
1063,152468
702,181104
1063,51551
1057,47795
702,102296
802,57370
1063,202159
971,38013
628,7776
828,67520
1063,194497
704,106144
824,3959
881,65455
881,85997
1057,92214
841,21589
702,100108
977,162631
977,19599
187,408
981,36812
756,4014
1087,105572
1069,7410
722,4279
1013,188072
1013,2895
738,9242
919,56622
981,109780
1047,4209
1069,76631
466,237
788,37201
656,28312
656,28595
694,2631
824,34212
628,46664
1097,41883
632,1193
831,24041
917,32911
814,11789
831,793
702,141763
971,50084
702,135074
1039,33806
881,175867
628,164820
839,39573
1097,26773
738,37086
1057,26177
1069,64147
628,80613
1057,59820
1067,1700
977,176242
925,117593
881,39242
812,27551
925,51024
977,71446
911,61806
881,84828
925,86889
919,108940
1023,25755
702,36387
628,53803
1097,661
628,73701
1057,53594
714,122043
1063,110961
702,36985
1013,197469
628,69980
1063,217995
802,26054
839,107965
648,3631
919,80113
1057,23183
704,7964
628,25128
714,94020
628,157611
1057,61577
1053,61418
628,141330
698,15
839,154483
628,18794
1069,28339
1039,22246
806,11888
881,188801
704,129030
1053,79535
881,47848
1013,49053
1069,19751
806,12508
839,177097
949,108335
991,82504
977,42781
839,49225
788,14786
704,14890
925,16560
788,18996
1013,152292
772,18908
991,160309
925,90128
1015,4490
1097,16873
971,41839
977,168499
1063,171884
628,95451
925,36772
702,107057
628,30519
430,125
971,26615
628,54701
1069,27574
881,33579
784,60673
704,120806
1013,4982
1013,77838
1013,149583
949,24928
766,2386
1057,83904
1057,26215
694,3615
688,14596
981,13195
772,16851
839,83308
881,151332
628,170861
977,48403
1063,57197
991,108124
1021,25971
881,157686
1047,43381
971,27284
628,7476
1087,62867
925,37792
802,12493
1013,200100
1087,106163
1013,113868
1047,112818
704,73407
824,8679
1013,21444
839,74218
738,32201
784,32490
1063,107380
704,19872
702,26894
981,21925
911,48758
764,7815
1063,79237
881,151834
1013,104594
1087,101172
628,3896
1057,95117
828,5029
1063,167395
828,44253
991,2345
925,56063
881,60727
991,148110
802,1852
702,31704
784,7814
628,135666
1039,16951
514,243
714,60197
991,113254
1069,36664
702,93439
1069,7262
867,451
881,103085
704,141431
704,26208
1067,56460
622,34462
1013,43306
1053,15854
1067,75385
688,20985
925,93067
971,53706
656,55363
991,134723
702,7204
704,48209
738,37320
1069,47106
1067,35810
881,182120
919,89802
772,15038
881,54356
784,25513
1013,77904
1013,166496
849,26908
991,90861
859,3931
1055,41418
704,5091
656,55123
776,4282
702,59227
991,70949
806,15488
714,125940
911,93880
628,139827
1057,91804
714,96586
981,130254
949,15366
714,110946
839,126033
991,137725
738,49339
628,122923
704,119944
881,63036
1067,50140
925,38006
991,42523
814,4809
784,13095
1013,184816
949,77388
1061,18712
766,85
714,60504
383,326
839,129654
230,134
1013,45505
881,143555
1055,29785
1021,10808
1015,20046
702,270
911,57420
1055,33061
704,21152
1039,32055
806,2333
788,25
704,84219
648,1208
881,146921
1109,118
1061,24118
704,72287
925,3226
849,9163
1087,69334
1063,115331
1021,33152
573,426
1053,28105
925,113582
949,114589
977,145135
881,181638
949,81958
937,1320
802,28804
812,32314
628,148581
1063,185351
1057,84874
919,23751
1013,195287
881,3334
704,142437
1069,32659
839,188022
917,3107
784,39049
839,37959
977,96964
971,1226
839,166360
401,105
714,66193
824,46095
622,26012
949,71639
1053,780
1013,73074
784,631
784,35539
1013,127431
587,44
949,83278
702,152029
911,108945
1039,16019
991,178282
1087,3485
1063,73523
656,26301
141,226
977,102407
704,105391
1063,22978
628,171099
714,104509
1087,47244
1057,23933
1087,49788
812,34096
1055,40553
714,33028
628,96924
925,113851
981,97582
949,75482
828,73043
881,137635
977,34548
628,140931
1063,37741
714,9928
1069,78118
1047,29367
702,99293
1053,7378
1063,166058
802,62707
824,9600
949,28420
714,27139
925,73345
911,66
991,149770
2019,13
925,44203
881,161578
1053,27897
784,413
802,64579
704,158218
949,27849
628,16677
911,89492
828,20453
1057,30630
1061,10350
1097,7564
925,71695
911,19474
1013,41257
1097,20376
971,45866
917,27143
1063,76773
981,62566
772,19216
1055,52522
839,71587
1053,17083
839,134853
812,39847
1087,68732
949,76579
702,44428
951,11751
702,175164
628,108262
839,193778
788,9656
1019,32
1055,8152
662,911
981,56390
788,25917
1097,31709
772,6850
267,268
881,104739
1023,43141
1087,75658
814,18946
704,85230
831,21118
1087,554
919,45937
1013,204504
981,61219
784,57918
1087,48878
919,94896
1053,49924
1063,92402
704,113838
1013,206212
839,176134
991,156960
1097,29531
702,27911
704,138871
881,183019
628,68701
925,111661
738,20088
714,43203
812,14956
949,75668
917,40350
824,55624
1053,51047
1069,50622
977,160652
981,30881
1063,227575
881,132239
925,56228
704,36128
991,164398
917,37110
714,47222
784,58563
839,85913
925,71832
977,19789
784,54669
714,103657
881,151805
714,133318
656,56360
784,33952
911,123897
702,95444
1087,95761
153,217
1063,59378
828,10654
806,6256
628,126000
702,51387
628,64933
772,3319
714,1132
977,178129
1097,29348
702,153010
911,52025
1013,185605
1063,117712
925,8663
690,2284
925,99008
1097,640
702,36661
1087,74881
949,34856
704,142901
971,21529
704,35492
839,154386
991,168823
828,50530
1069,47323
1039,41536
1097,5911
1053,25198
1013,61779
714,53827
991,110855
841,19705
1063,195257
1063,214143
1053,100736
1057,49155
714,113602
828,22304
704,67457
714,8791
911,105195
738,43921
1039,57912
881,147271
802,50946
824,28822
628,78020
814,26606
911,99459
704,100212
1039,50371
925,114394
812,8590
1069,2172
839,58196
919,2349
911,53999
977,20488
991,14054
1053,89991
738,54256
981,53902
839,153521
702,184469
1013,172390
1063,72853
981,32641
1013,189583
1087,109137
1013,66383
420,367
963,617
1063,209530
812,33141
628,87642
812,51460
925,63567
917,21904
704,25859
1063,97581
1067,61
977,160314
1063,199830
849,32868
911,16010
839,109529
919,24066
812,48663
828,49190
881,363
991,102719
1015,12314
702,1980
991,10204
839,47585
764,10134
1087,98403
1023,26817
1023,12277
881,166211
1063,55015
1087,46699
738,26986
1097,41516
1013,20960
1063,230178
991,104395
839,148595
977,87216
881,167923
881,171433
859,24067
1063,43272
1063,217332
1063,44639
949,3370
881,35137
622,27095
1067,45009
977,173518
1047,19511
1087,38567
628,41241
991,96349
977,163777
784,81005
839,31893
917,30366
714,75559
917,16053
1057,78211
1013,210597
839,77984
1055,38232
788,13829
656,37605
828,46128
628,27247
925,31673
881,112188
1055,27377
1069,20840
859,41021
911,56838
628,144145
1013,199955
704,14475
714,99675
925,116406
702,140571
622,8134
991,136712
919,115095
772,22588
863,528
824,4663
714,112492
849,3390
1087,13360
1097,38165
1087,19410
714,45206
991,171875
849,853
841,33194
1013,190715
784,56514
1047,11178
1053,46916
925,104353
977,156945
1039,28255
1077,12099
1039,5795
919,7059
806,3204
1055,25188
881,47413
1063,13794
839,17535
1053,72323
702,193924
702,183211
1015,14650
839,128631
839,82839
1057,93682
702,63868
1069,45737
802,13980
859,4881
991,79400
981,53048
1021,29593
919,86154
628,79950
1013,140600
1021,33842
656,45213
977,24156
702,35380
1039,35916
788,2044
702,98336
1069,17571
881,13984
702,95628
1013,119698
881,150390
764,16973
702,180724
704,126243
1053,43187
919,123803
814,10304
704,141057
981,127537
859,18405
881,93515
702,175212
704,10598
628,167906
881,95300
714,84214
802,16986
1087,61830
628,42492
1039,717
949,25927
738,43726
1053,113857
977,130529
702,79720
628,36999
1077,12795
919,3050
1087,67029
828,659
628,129331
1021,6073
1069,28826
991,4674
628,48678
1087,84941
881,34177
802,42587
262,300
1063,158600
764,4527
1063,165611
949,87954
788,13957
824,46058
981,48866
977,15973
628,41770
1039,54716
628,101874
824,20861
812,21581
684,7316
991,146499
911,74525
1013,185468
949,55104
1063,26010
977,49714
702,67641
881,45438
919,50452
981,33704
919,64512
628,173401
911,80486
1013,138576
828,41652
925,62119
812,45867
1013,10535
925,42957
971,28451
841,11216
971,48285
802,38247
1063,233086
981,109385
704,102654
702,188276
881,21256
1013,167153
1013,10668
1021,8322
981,9729
1013,125329
971,40826
656,53101
919,20685
841,6425
991,26669
628,54641
1047,54436
690,939
881,23883
925,40740
919,12633
839,130394
702,118265
841,13131
628,137539
949,31981
766,4644
1063,139890
1023,31159
849,16086
1057,25697
714,49310
1013,181305
1055,6850
839,130398
839,94974
881,82835
628,105724
971,48466
839,160361
991,155412
828,14814
784,55933
702,152543
981,62980
1087,76546
911,115858
977,122549
911,83578
919,33149
784,4288
1057,7432
1063,35703
1057,60907
1063,46016
812,971
949,10836
991,91335
702,119435
714,40820
738,24600
949,92063
714,287
1047,17324
981,19262
977,124812
1067,109556
1063,35257
919,64345
977,64175
1013,208661
1063,23179
839,127260
1055,25801
911,101648
859,18538
911,76908
841,17419
881,82473
784,1362
704,36079
881,148027
1013,165049
704,28701
628,121295
1013,27865
977,25301
824,35576
1053,70271
784,66889
991,72577
628,88256
839,200606
806,1264
628,64343
1063,64125
702,89075
628,43726
806,15069
839,138515
738,31675
828,4243
1063,96866
977,155380
991,69038
704,157280
963,23643
919,112867
1055,27219
925,33468
1047,42565
949,49729
971,14050
628,2699
802,61085
1013,85174
305,364
622,11353
1013,208807
1067,92998
849,25904
688,22312
1067,109167
881,184339
1053,82813
977,82026
1063,144427
919,89087
1023,11439
714,17210
981,4082
788,18272
1013,183731
949,56137
983,395
963,22804
971,32928
1013,149850
991,134425
1063,150284
849,25496
1063,198969
802,59352
919,19323
859,21974
873,281
1087,92047
881,25462
828,37961
1023,16267
622,35699
702,164175
977,130524
784,32656
977,62512
1063,46418
714,73014
881,122183
1069,80577
977,131920
949,74865
628,150214
702,56257
951,1315
656,40659
738,54443
1069,32778
1063,38915
702,18868
919,60829
1087,50194
628,106593
828,3887
925,32263
981,104935
264,175
1021,21218
1057,32383
949,75139
1057,47257
981,83789
828,26532
919,36606
704,92664
981,69842
1063,28488
714,83892
1063,24211
859,1812
839,129970
223,421
1067,28947
919,117672
1055,52341
881,45199
949,46240
1055,33011
1015,7406
881,115407
1063,106698
702,134105
628,59980
534,303
684,11771
704,108597
132,59
714,99312
628,62130
1069,88557
1021,32969
1013,56917
1055,41862
1047,84921
881,51340
1023,22516
1015,5573
917,12777
881,30660
1013,119034
688,8977
1063,134086
626,1734
1057,55903
911,100875
714,15472
784,41868
977,112302
971,41945
971,50695
1053,29669
702,48275
1063,120026
788,12636
981,132122
925,71183
881,138759
977,45735
738,44218
987,1143
628,151677
802,65762
977,31620
911,35171
828,26621
991,71824
1067,38539
824,29779
1067,21944
925,5758
1069,46168
702,136490
1067,59973
266,255
702,123578
497,263
1063,232162
991,99068
925,51906
814,10187
1013,201056
1057,28023
881,144327
977,89537
772,3678
784,67974
1069,72811
839,66276
839,142216
1053,78388
1063,63273
1013,73839
622,25452
839,61145
881,143910
1182,5
656,50249
1013,150920
841,14163
1055,49569
1053,72307
1087,49866
949,103462
881,183019
839,75669
738,26963
704,41604
784,13977
977,62429
1063,149911
702,2772
808,262
756,6919
981,117618
991,145299
564,881
881,119682
824,59856
76,200
919,102556
977,114942
1063,85467
981,60746
981,35382
622,4196
919,14901
841,14249
620,249
1013,6340
911,109317
656,12222
917,18409
1021,31820
1087,36048
704,7726
977,58485
975,1129
981,18780
949,51302
925,114705
622,2316
1063,170966
702,77100
784,83420
628,100618
1039,59194
772,18895
702,132366
738,53004
881,26102
1063,147932
824,60855
925,75446
849,24351
839,110582
839,78838
881,65409
991,10562
1053,121034
839,89751
1047,110618
704,111427
1057,77891
1069,76095
714,100338
881,30156
702,111979
1055,2691
714,4763
911,56926
784,71169
1063,53788
917,9135
881,160808
881,152645
1063,45060
702,94352
784,18657
1087,56491
656,15695
849,4856
704,115144
1053,78134
981,123552
704,60133
702,68733
812,46856
919,51263
1077,4145
925,38667
656,11349
881,161168
812,40048
831,15095
977,133542
802,24482
1069,21356
977,179458
1063,529
828,76446
881,151667
1093,751
702,73630
766,10256
152,47
1013,58966
1047,5550
917,27590
911,53976
981,15654
1053,24301
911,80366
867,1249
628,122835
738,19798
1067,40636
881,26036
881,1554
1053,79931
814,13576
702,196649
806,11532
911,6491
949,200
991,91901
925,65723
568,902
806,708
949,3275
1063,172060
1015,21717
1067,1516
702,61358
1063,95936
1063,182969
911,33811
1075,961
467,268
684,411
1013,120250
343,298
702,84270
949,28856
991,483
1055,53429
1063,227856
764,17362
828,65568
1067,54204
1061,7843
1013,25822
628,38604
849,14444
628,61967
977,155715
828,12279
1067,11606
1039,55903
1097,20695
925,129086
802,56583
881,106585
464,113
831,22306
1053,16735
977,112474
628,51274
859,7613
772,21625
1077,2622
1013,36295
702,9376
622,4060
1087,44084
802,18644
1013,52831
812,50549
881,57589
1013,34748
831,12551
1063,202342
628,43906
925,1879
949,20088
881,106929
881,51281
977,145147
881,84106
919,109149
881,125301
1015,25552
802,42134
1055,25801
648,2166
812,35484
702,70475
628,60511
1097,25814
981,110362
628,10094
814,29717
784,74777
991,46927
1055,19605
1039,20607
828,26422
991,144209
881,81312
197,102
977,25711
917,21081
971,13861
702,11394
628,123714
977,121756
991,183923
949,76511
849,33451
766,11959
802,63170
772,33410
1063,81665
925,126583
784,81440
1047,75071
1087,14088
881,2873
981,40532
1057,48258
949,92795
1063,180696
1053,24347
702,65635
702,122219
911,60533
814,24894
881,105156
1057,88579
911,81282
1063,173738
1097,40533
849,9977
1063,49339
991,156905
714,8498
917,16395
841,21876
704,8086
1047,44762
839,175196
873,2570
1039,7561
1061,12631
991,167278
788,1696
1047,77359
702,97681
1013,200219
698,335
738,24932
714,130916
881,75192
1013,40488
788,6560
704,5204
1063,161700
738,49678
881,48327
1015,20287
991,135326
704,109985
981,48406
1055,25298
971,47192
1057,73658
849,9461
1013,64040
738,4869
21,6
1013,85489
656,220
656,9958
881,5936
1013,129723
828,2916
919,99835
841,23051
1055,13007
991,1641
977,97735
977,178234
714,34498
702,33226
1027,918
1087,41803
991,184314
839,166804
1013,133041
732,399
812,12395
1023,18578
831,22573
714,102107
991,27953
911,123985
1063,138164
839,159793
881,38285
684,4976
656,45763
1063,174466
1047,48772
881,163705
702,154582
981,31640
1013,17848
814,11437
977,99135
812,53169
881,20079
971,29390
841,13149
977,27779
881,80563
991,134745
917,24087
628,26332
802,38444
1039,57707
1023,42203
981,76376
1013,131829
256,723
839,9405
806,2365
991,83570
1063,193808
702,43451
714,44632
1013,70800
1047,108311
802,47354
702,170210
925,99513
622,29149
1057,30386
1087,79800
881,70950
1063,46535
784,69890
981,3648
981,124906
622,648
702,158180
859,12476
766,1367
859,3323
1057,26235
881,185908
1063,188435
1013,51427
704,24292
1069,19370
1057,65781
702,183654
1087,17629
704,16032
839,55689
1023,8650
1069,37315
917,8319
1063,101844
977,80205
714,97325
1013,125367
1013,126724
977,91689
1067,58455
1087,16460
1023,35952
828,15862
977,129296
628,97475
702,81505
828,68544
949,21681
1053,90019
828,10712
1063,31206
824,29720
82,320
925,10274
991,130835
1063,137606
1069,37515
704,9834
702,24443
1013,218584
949,15949
1013,71831
1047,23297
1063,87986
981,18721
714,91442
67,26
981,101366
1063,20947
772,14630
704,100500
911,96929
684,3218
788,35132
688,11679
911,76743
784,8941
690,2715
704,126074
991,22359
1063,15336
951,5809
1021,9195
831,18445
839,154687
981,15881
991,154918
977,2380
824,13948
714,83856
911,100166
1047,111574
881,20541
839,4970
1077,20008
991,113747
859,12045
702,49120
628,24155
1087,63630
1063,93736
1063,165246
1055,25961
738,3164
828,18143
881,55107
1047,2286
1087,26331
776,2905
812,50446
1087,27923
1053,79151
949,91560
824,35307
812,9972
788,9149
925,84011
1097,20879
881,177551
991,122755
925,113527
1015,17985
704,41365
758,2225
919,35040
849,1613
951,4235
824,30901
1057,3081
764,11991
1013,142394
784,29114
1063,168648
839,131094
849,2632
849,459
839,136920
1063,16802
881,154102
839,54483
839,45947
1021,4861
1039,6274
1053,53236
1053,121153
839,48711
704,48178
1063,138506
911,38814
1055,48729
1047,84088
828,80264
814,15787
839,95295
1053,42439
1063,107033
983,409
963,13347
1069,293
702,158142
991,177026
656,2200
917,14474
1063,85128
1039,6177
806,4803
971,47020
200,118
702,205718
859,17742
831,12955
949,83267
1013,42944
1047,112197
782,139
919,9848
981,3727
919,108662
1097,13778
949,47367
839,144841
911,108345
714,101518
714,50744
977,135755
911,110578
772,294
919,46654
738,32086
991,73765
69,439
694,744
1053,9620
839,71238
628,65661
704,46562
702,47514
704,111090
688,12102
1013,84094
812,57781
1047,47640
714,56871
628,54701
628,84748
714,5903
714,124536
828,73919
1063,82939
628,125853
1057,18892
622,7834
704,61149
991,184557
881,74288
991,147788
714,133384
925,78372
1063,93965
919,18
1087,81896
981,18140
859,43440
977,64193
1067,41917
784,39113
702,203796
1067,65640
911,7171
740,3707
881,74102
839,114814
1057,49887
925,76924
788,29026
1063,212949
802,45888
949,35770
1069,22669
977,53773
831,8207
981,41534
1057,19925
1023,21391
841,33238
1063,94719
1087,30089
1039,45847
977,157466
1013,108013
925,61490
714,91525
1086,8
919,51406
977,164673
812,412
784,32819
1039,27421
1063,185625
1069,73993
702,88976
702,208991
925,89405
702,58325
911,27862
1073,606
991,141216
1097,26124
881,62809
949,97283
1087,52028
597,348
977,154375
991,112992
702,106957
1013,150603
802,57553
1069,79986
925,58010
628,151647
704,65416
949,74335
766,9835
702,115426
881,51310
981,31170
1061,23423
1057,46289
881,106881
977,50434
788,1853
802,62845
824,52616
1087,71201
991,129861
991,87110
839,88177
738,10721
776,2351
1061,13404
1067,25341
991,149894
911,8825
963,108
1047,4188
824,19973
925,82309
1013,23671
1013,184941
1067,76926
704,124963
702,191625
981,41089
702,102104
991,173754
714,1545
1087,44817
949,106574
684,2148
702,169903
841,23081
981,92602
776,988
977,10874
1077,15352
1069,73375
987,324
831,23992
1053,4548
704,24257
1063,171256
814,3383
1067,102775
1013,105758
859,21652
1216,84
802,71428
704,16722
1047,28683
702,171429
977,171691
991,136389
1067,11830
977,99196
919,14777
925,38008
971,22665
925,1356
1013,23839
1013,147388
991,98076
1013,57020
991,49634
704,126124
828,20596
784,78813
917,5951
812,18230
1013,220189
1057,11958
849,27177
1069,80410
704,134893
1067,43689
881,124176
951,5841
859,19247
925,50030
971,39454
881,144518
662,577
812,16282
849,39489
1087,14462
919,105283
1063,100047
1097,10638
738,25392
1013,79889
1063,232806
841,1597
911,12932
1047,28114
911,13358
919,85635
429,380
1063,59531
949,68610
1087,46809
1053,119880
704,123519
991,62883
764,6132
881,129153
714,22464
1047,30541
949,75408
1097,22316
1069,94576
1063,47037
1087,106289
839,196306
1087,64662
788,19545
1055,22653
704,87013
1063,24501
1047,8286
1063,3111
1063,234184
925,127735
839,49186
849,35141
427,515
1053,61970
596,282
949,36757
1067,24022
812,60615
977,131616
714,31475
925,24428
704,23556
1013,209825
981,82319
981,70804
828,13811
622,2744
849,16744
36,361
688,23186
925,75910
1057,91268
1067,25720
839,102622
1053,103743
688,5482
841,12272
704,106660
849,11404
831,9111
1039,41192
881,81410
802,23067
977,87227
628,161738
628,126069
911,110617
514,362
839,49996
628,133436
881,139055
702,94498
977,106924
1067,88891
1027,3244
1063,118712
919,97097
808,341
828,44081
628,148667
919,42386
1063,176034
885,76
1061,21761
839,95190
919,118308
911,42892
881,178548
784,5054
1053,78061
971,52402
1175,19
622,16058
1067,102375
704,96460
981,24808
1063,74376
1097,26959
1053,56976
828,50861
1063,106316
802,60183
1087,69104
1013,53221
702,62443
806,13346
841,30672
977,141261
738,39011
981,133839
911,85238
839,137088
628,113800
1189,97
802,34268
863,331
839,147086
1013,74808
1061,10673
1063,51988
831,12820
873,1903
656,16674
1057,29803
828,74632
1087,92401
802,2197
1013,113535
1013,47740
981,63968
704,76997
1097,2836
1069,4922
1063,34191
118,10
925,77685
714,62742
925,122512
1077,11586
949,59090
991,100079
628,20547
714,84908
1087,108192
1013,2261
1053,76037
981,1410
704,13253
991,123640
656,33822
981,129166
1013,191153
1097,18083
702,192915
919,100656
1063,100136
949,80101
881,76243
1047,14461
911,104159
401,403
1063,72738
963,13354
1023,6168
1063,30671
977,94286
1087,799
766,5153
702,189006
1063,154065
881,173717
1061,24509
1013,89389
1087,60168
738,680
764,17396
1053,40276
802,77601
1053,113553
1053,63058
919,50784
1039,24840
664,313
802,1218
1067,30776
1067,19257
1063,114493
654,133
881,178742
981,7664
784,74382
1067,62688
977,77398
702,178458
949,110318
380,298
981,80580
925,97621
628,36168
971,21309
1067,54883
925,97901
849,22258
841,4241
831,24702
977,160716
991,153281
245,303
1023,42073
991,31205
919,104948
925,9933
991,165281
917,37254
881,180253
839,37716
919,54599
1069,14877
1069,94552
831,17899
784,34911
40,421
788,24832
839,140363
991,165223
1057,1515
913,639
911,33197
714,104318
839,67866
824,6397
881,69228
919,84883
664,693
1063,8275
925,125946
702,183818
911,105325
839,171912
841,33649
714,73421
1013,169802
1061,11352
1047,13108
656,23305
991,100274
1077,21292
656,39700
714,83285
828,28333
919,49717
802,6974
881,94761
656,36082
1013,180245
981,20681
628,134170
977,4294
1013,91153
1013,8878
1069,20227
1047,70623
1015,4109
828,7176
758,476
808,611
1063,86554
839,44400
1053,76368
951,13638
925,63915
1067,17921
1013,90368
1063,139100
656,44389
1067,7929
1021,22625
991,55376
1013,11221
917,130
849,4367
1057,36881
714,50717
977,111056
784,38337
971,53487
702,185575
859,34152
704,59009
1013,166216
738,34987
806,13182
1063,79786
1097,38149
704,86899
1057,88223
1053,28634
656,36900
714,78049
704,98472
991,102569
784,48
810,666
1021,33826
656,23636
1039,35834
1013,168259
919,5478
949,23878
925,117733
839,135876
839,154549
1013,118508
911,118810
949,51769
881,47859
1057,5037
814,3192
881,182563
1055,47075
702,88018
1013,60832
1057,51278
925,12478
1013,33026
1069,7851
656,50069
704,80248
656,3404
917,18171
971,1840
1063,187721
977,4907
722,3592
628,108252
628,54397
814,25176
925,39465
174,294
714,50292
839,12950
991,49420
839,146654
981,72165
981,107318
977,72967
859,38569
841,966
1067,82930
1039,12263
784,59755
971,10531
722,2238
784,13164
911,55617
839,114172
814,8954
1013,213862
1013,76149
1069,71050
812,1922
1087,17849
981,121115
802,36082
839,63146
839,82324
784,4394
628,67613
828,46757
628,46604
656,35047
702,105991
824,24848
788,33280
991,70133
1097,25852
1053,31236
628,126983
1057,96557
859,32991
839,130565
881,114889
951,11264
189,165
802,46840
1053,73226
1013,26286
1067,94628
1063,52728
1005,633
1013,35266
828,26367
802,72802
981,102378
1069,13966
925,65242
981,65912
1063,113711
1069,6130
919,95157
788,17472
1087,66799
812,35416
702,20985
784,48298
839,169611
971,27439
917,6985
1039,8447
702,43923
911,89423
881,104664
1063,27740
1013,60817
766,9038
1021,23994
981,18938
1013,175032
839,81969
1087,27664
25,94
1057,81911
951,11421
628,82132
1047,102051
919,124842
1013,35820
1055,23166
1057,84
991,169647
881,28062
802,35997
1053,72826
849,26378
812,5646
861,39
919,88780
1057,76775
991,141011
925,122861
991,30014
656,40024
1067,65459
925,102535
867,2266
342,265
738,29556
1053,102347
925,57922
911,104621
981,50836
656,1295
1055,40883
1067,105384
1069,31375
662,2785
911,40807
1087,83099
971,48930
911,54852
118,996
1039,19214
1057,38991
702,72704
911,10071
656,17674
806,14808
991,115935
881,1216
977,130711
1057,11855
981,68672
814,2114
981,60790
704,128716
784,62640
977,68366
937,1812
839,50990
839,88242
839,27886
738,48228
949,67168
628,42897
738,8828
1063,16824
738,54070
1069,14002
802,9835
981,94769
1053,129554
881,139296
622,16131
1013,120771
573,209
1087,17213
925,55093
1055,29045
849,21175
911,81250
1039,37066
991,112865
788,32278
1063,146474
881,189453
1067,89688
1013,20967
881,165964
849,30693
991,163541
1039,33060
802,3936
714,12752
1087,108571
881,122457
991,114910
977,125478
1063,29256
702,186646
1013,221162
881,45068
911,10128
1013,125501
1013,43425
925,52994
1053,74734
981,109667
831,17240
991,154920
1053,6459
869,2723
1212,94
327,53
1063,230628
802,47228
1023,19987
370,210
289,415
828,55915
839,144725
247,212
714,54456
977,153428
656,60620
400,982
738,27356
1061,16105
1023,6088
1067,40961
609,245
702,105696
963,12205
622,32664
991,157070
772,28392
1063,61794
776,4672
1023,26523
828,9041
738,44003
714,72891
702,9702
1013,177225
981,130633
738,52406
714,87513
1069,22962
1015,5803
702,75410
839,103629
1013,69307
839,26980
1057,81911
1053,63155
1013,155006
802,58510
925,31388
849,875
841,32251
702,199516
977,169907
704,9212
925,15484
1063,85787
1021,9771
628,15231
714,72023
688,8328
1063,38627
1057,33956
911,114370
873,627
776,564
981,62560
702,169338
784,50969
841,7659
849,15955
265,141
1053,87812
802,79502
949,40825
1055,3059
704,49013
656,47847
925,66005
738,8609
971,18239
991,92211
839,21447
1057,89160
704,70120
1057,47846
919,42631
1053,55314
859,8859
881,78440
925,121017
828,55820
784,59284
738,42720
1055,57596
977,92908
925,24024
1013,202208
1067,67705
919,107939
1097,3785
1087,88243
911,29795
788,26616
1063,38727
873,3716
1015,19326
881,79042
949,56726
991,33278
568,497
529,487
859,29678
812,19057
1061,13355
802,62699
702,85690
1013,98988
1013,70552
714,37165
925,116843
418,316
656,15239
2136,9
925,94647
859,8700
684,107
704,92173
975,1034
971,37616
1053,53688
839,37683
1061,17222
704,148695
1053,80420
628,88912
784,69047
1047,54403
784,24696
911,24105
656,27099
702,79610
1063,62389
824,19666
648,104
704,34286
628,44473
1039,21687
714,67570
1063,169714
1021,20540
828,16131
991,86629
1053,13858
949,102304
881,121064
1053,92914
1047,70337
702,352
1063,223935
1053,96461
814,5289
622,8842
1087,533
628,59170
991,133149
1013,194057
788,28146
925,43241
788,22414
1077,27701
981,69782
102,290
1067,96167
1047,90999
788,15879
702,41291
628,24798
824,40279
1087,63046
784,34897
1013,31016
951,8654
1053,105985
772,17108
991,112510
1053,64919
839,144162
1067,42751
1063,7595
1053,69285
1053,5769
911,90500
1067,74944
628,129630
702,27473
981,42430
704,20046
1063,26439
702,118972
1013,62563
702,15325
628,29285
949,96563
812,38972
1013,96968
702,76760
911,106109
839,88124
766,4631
824,10172
516,314
977,92640
1047,20319
1057,67965
981,80651
1063,90664
1055,39917
758,7091
802,12978
1069,2627
1077,15619
1039,29080
839,12615
991,104218
991,45434
977,172303
1057,86063
925,19030
1067,28341
1047,98981
824,19423
881,10231
702,49196
1063,202080
758,1992
684,11881
1057,65317
1063,48310
722,3309
991,99321
831,8076
714,61273
1053,103154
925,127333
628,168692
991,27043
859,20738
1013,64579
977,19153
622,27235
5,684
1063,11751
1013,86771
704,83657
859,14514
828,21037
824,44223
949,31088
859,14199
1063,165305
1053,17558
599,359
1057,5535
1087,48724
1013,218573
1087,34374
949,92582
1039,47563
656,26624
859,225
1053,19945
849,32783
1067,16107
1021,24218
881,160482
991,8174
1047,84754
1069,21491
802,50046
814,31458
656,17241
702,188379
981,113715
1015,9454
702,45454
859,21232
1087,53550
1087,60885
628,170302
1039,8468
1013,107902
1097,39584
1057,38711
738,22206
977,17033
1053,121177
991,133558
1047,31608
359,74
802,62763
881,36264
1013,89937
1013,78300
824,38005
660,2013
1067,63498
1023,130
1015,8150
1057,15542
991,37041
1013,27571
911,102361
1039,57345
622,18673
951,2540
628,127625
714,85558
772,20192
991,54894
628,129741
802,61592
756,657
704,2502
977,95526
977,40620
925,39133
812,47865
919,24996
802,3271
991,44893
704,51392
925,9316
839,193513
802,63983
702,113930
492,43
714,99368
981,22157
1023,24903
919,115373
881,86473
917,16147
828,30904
444,3
971,53171
977,146069
828,67622
828,16174
1053,18167
648,2258
971,20425
881,43990
1091,893
1013,15730
1053,72512
1069,88136
971,47406
981,20427
344,113
949,112913
1047,52384
881,113784
714,72564
1013,145940
839,151201
812,22274
628,54807
919,52985
1069,21890
397,432
1069,17934
991,182384
802,41460
1069,11464
784,61861
704,55672
1047,51688
1055,44205
977,29456
704,20235
828,25973
1069,88373
881,134920
1087,65535
1047,105921
704,123132
1063,19482
841,3805
859,15575
814,15106
1087,14145
977,100431
1069,28788
499,119
881,73541
628,61968
977,32942
806,13817
1067,72296
704,887
977,8763
802,30751
849,6674
919,36952
628,101070
1067,92596
977,167801
704,30683
977,176997
814,20093
704,67227
1087,2299
1057,48690
991,87332
622,37126
981,29468
1063,123503
1063,104152
628,145061
1087,38085
881,80113
881,189294
1047,6142
828,44730
656,9415
911,35000
812,43851
925,62806
756,4041
949,59051
1013,14262
806,2772
911,85441
704,102321
881,22721
764,14571
919,44394
812,11792
949,15692
1097,230
981,22629
839,50910
714,55904
869,397
102,373
1039,4589
881,135483
1087,99755
1061,14904
881,73746
1013,224535
1067,35234
849,17604
881,31254
977,171955
784,29317
622,4139
172,113
949,102903
802,67895
656,62599
1013,141645
1013,38838
776,4598
841,15490
1067,62968
702,132049
704,144510
714,43619
1013,57063
764,10964
991,163415
919,92273
977,142938
1047,94821
1053,79903
145,34
839,52600
839,8069
983,1492
991,173060
656,9782
977,116322
1013,210982
812,41847
919,31633
911,46086
937,2073
831,24183
1069,65774
1013,171830
881,159221
628,3775
1013,99203
1047,5959
849,15873
1013,217403
738,12684
881,99762
656,41596
911,28753
784,19259
702,189722
702,156637
1039,27440
704,68247
919,76972
831,14502
949,32212
977,175208
702,19811
1047,44247
981,77627
1053,36206
951,13069
1047,40562
738,33294
812,7862
788,15209
919,16365
1063,14125
881,52524
1069,24484
831,617
917,26832
758,3262
971,1696
688,12886
322,81
991,174675
688,4287
991,122151
881,103596
766,1342
1027,982
714,81892
1087,91914
1063,96861
949,104673
925,131625
981,94010
1067,19171
702,164496
1039,23018
1053,66675
828,10843
1047,91857
1047,18159
704,123663
1057,11261
1063,159516
730,549
738,1129
981,126095
911,8650
1047,12104
925,79270
1063,70867
812,44796
714,64512
981,130068
1087,108576
764,17175
925,123849
1047,60402
784,28756
1021,33013
977,49901
1039,31360
714,15400
911,25561
981,49431
991,56137
1023,41769
977,156249
694,3119
802,63482
977,9219
628,4710
859,21111
828,50496
628,134567
977,16405
839,74333
925,118109
1063,210359
1047,17624
802,65683
1053,100409
802,24281
628,152538
776,5618
714,100427
802,23619
949,44379
1013,116657
806,15273
1013,61859
1067,98774
1013,202251
824,30029
764,11038
977,12653
1067,18254
722,890
911,48247
628,79708
981,43539
911,102133
1055,45297
1053,124796
869,641
1055,56412
628,46241
839,9430
831,23277
1077,19529
1055,14710
1013,143157
1013,107202
702,37873
1013,103017
738,27909
784,63988
1067,13806
1055,23989
1069,71884
702,171692
1021,9109
590,185
881,126734
1063,222302
949,59222
881,142907
628,87616
977,139828
1067,82700
824,30306
704,34487
1047,103483
628,23848
1021,23142
814,16558
859,20634
977,158407
839,50616
1013,204749
784,70660
1067,34210
702,180541
628,28786
1063,187346
772,2264
628,132169
911,15331
881,90057
828,23570
714,91337
784,6491
648,3544
881,39572
1023,3848
776,2889
949,56785
839,150649
917,33319
1057,80839
1097,28621
814,4453
802,284
702,146144
622,20962
981,39060
841,13438
991,168698
917,19727
688,2327
925,119474
1055,56672
1063,181847
738,48281
839,116819
160,241
1053,2491
738,637
859,29885
991,72783
1067,40457
790,91
1097,40999
963,24377
919,96562
806,16701
702,29245
784,39570
917,26053
919,71563
917,13299
702,5056
1013,171510
684,13231
628,35039
981,593
859,39357
656,3827
1097,1855
702,148509
1061,28354
1087,50921
11,75
925,32085
714,121018
1021,16659
628,45175
628,65922
919,115490
949,26752
1055,48321
1013,36977
1013,106597
1069,41323
628,128213
1063,158671
1013,122831
981,113641
1013,130557
1013,9854
704,78487
911,15755
881,97638
949,52264
949,25126
919,81750
1047,7248
977,47174
702,1633
714,123577
951,11114
704,47783
991,92414
738,19780
917,23373
1013,176011
16,190
839,199524
881,46323
1013,20881
1047,11255
977,60936
925,73189
230,197
788,21187
1013,54989
881,6221
1053,73542
1055,15653
788,15843
702,119503
702,97794
919,24579
622,16318
508,313
1057,69480
1027,904
806,17959
802,42279
991,148535
949,59493
1053,131150
704,33251
1023,36792
802,5499
806,17777
1053,75272
812,56168
1067,20331
859,20684
704,143424
1063,189056
660,2502
839,6516
1013,177977
1039,1352
702,97020
714,31132
1063,87887
1087,78972
1069,87978
828,14760
702,150077
702,82849
622,5457
839,114620
839,102787
841,24041
702,143771
977,95310
1063,10292
949,92347
1063,133998
925,86904
1077,26774
1067,29664
1013,83694
628,8553
802,34284
802,76756
839,57804
702,64801
806,11231
1013,21857
925,29625
213,221
1057,89522
839,174398
1067,28595
714,34005
828,45399
981,12959
919,98974
828,17463
1047,81982
881,84667
963,6968
656,17775
714,15978
704,32464
839,66171
1061,26522
1069,37
1013,120058
656,48382
925,94810
841,9045
981,109891
911,122111
814,1301
1077,15485
784,25953
981,28524
802,42012
1063,107631
784,32331
1069,81654
981,101868
831,23836
911,9477
881,11608
1055,53716
628,143737
784,16714
1061,29466
977,68437
839,137197
802,42063
802,78732
925,57757
702,200081
951,1431
1013,134694
981,103783
839,34025
949,75551
911,115385
1047,93133
1053,90821
1067,22308
981,121832
981,90842
1013,146218
981,77092
881,79602
702,185069
919,58889
977,74140
1053,59979
702,105874
828,61642
1039,22561
784,57161
766,8999
949,37383
702,164865
831,23435
622,28199
656,38240
1067,78227
1055,46315
812,16918
1013,104467
772,12974
839,70795
702,32563
628,14052
1087,65662
628,169179
446,59
702,382
881,173531
784,25374
949,70863
831,12113
1466,78
839,43182
949,28085
656,20228
1063,156336
1021,26255
497,327
814,6636
704,275
841,26031
702,107615
628,77063
1013,167252
991,56010
919,106032
1069,57661
702,103979
1057,76879
714,49035
925,94012
839,143464
704,28313
1087,8020
839,100013
919,103419
919,77195
925,99990
977,55749
772,16136
702,104042
704,78689
991,124871
991,138294
738,3861
756,6673
1097,40802
1063,41474
702,161535
788,38717
704,15226
839,47196
839,30707
881,38166
1013,66614
981,82376
881,3630
704,81583
925,92460
1053,116975
1063,68598
250,229
963,14593
919,57850
1053,17099
1053,19099
981,34189
702,118398
656,56054
702,95709
937,3876
1063,53458
738,7301
919,36243
656,38105
812,60865
738,11781
714,48351
939,36
1097,33928
991,11254
714,19507
911,110362
1013,140660
919,26462
919,109409
949,87529
784,58752
702,156891
738,47145
1069,28002
977,29123
702,41274
1067,43581
925,43517
1053,116473
925,10230
881,100977
1067,40460
881,113091
839,63121
704,99450
949,56510
702,172415
766,7386
867,1168
1013,37645
788,27463
784,85906
824,43386
981,61172
1047,58619
991,140820
1077,19345
1087,91514
622,38351
113,346
740,3411
656,18871
738,41255
628,64038
714,66888
828,12513
1047,112426
802,72454
1047,46648
881,3570
1063,80254
977,50757
702,42505
911,28627
544,403
1053,25004
839,44054
881,74524
1063,229157
1067,7783
839,143555
971,13382
1055,12367
881,35538
1047,73803
788,17429
656,51642
1013,151934
39,590
764,585
828,9505
1055,14530
628,18736
688,19877
702,130544
911,119405
839,81956
949,96646
963,15154
714,63199
738,23599
1053,50312
1013,81038
714,36494
814,1461
1067,69967
784,10971
839,74164
702,146184
365,119
714,45932
1063,199697
1063,125834
1057,47549
919,8448
987,1225
839,38826
1013,117835
991,112001
925,49211
841,21256
648,1357
1053,5422
704,121423
425,50
812,7443
812,43273
1063,224447
702,164026
1047,41478
628,102488
828,65342
1023,26464
688,12255
1087,1525
991,79295
925,17945
925,108259
881,160025
1077,18894
824,46201
802,8323
919,85994
1053,109524
911,4957
714,89575
839,142957
702,51247
873,1766
919,6339
925,8002
839,134322
628,37796
1067,91994
802,63576
609,765
911,72236
764,10580
1067,45546
828,56070
1023,29643
981,29910
839,59246
1021,33708
738,4421
949,38441
1055,12725
1063,120791
806,16150
766,11607
881,126576
784,73295
814,21351
1061,13005
1737,15
1063,58206
788,37169
911,92549
704,140843
1023,6485
1055,36044
802,62703
788,33668
440,447
698,235
949,22147
1067,37450
788,1573
464,411
1063,203186
991,37383
814,18970
1057,22274
1063,108889
881,191281
1067,59151
925,4715
919,37171
788,38361
1067,102966
828,56087
1013,192313
656,26880
911,95511
1055,8256
881,22072
1013,105106
622,19722
981,16803
917,25899
831,15292
764,6061
949,83108
702,13057
1069,84741
714,59097
1023,11712
917,26825
1067,42831
784,34638
841,5446
702,131675
881,57932
1047,2272
702,33882
881,69826
991,60461
812,11282
925,54355
1015,20166
1077,23694
1055,43016
1067,108641
772,25215
738,53079
702,54183
1063,30782
991,52932
881,146179
949,30378
991,20114
977,70047
772,3365
812,3415
702,196707
1013,153660
911,20993
881,36950
702,13678
702,178687
772,4058
1057,60186
772,27698
702,66965
971,1831
702,52572
881,125008
1138,31
991,126924
1057,82172
828,36846
714,47093
981,106264
828,45665
911,18807
1087,82808
702,98144
1021,24937
839,181345
828,77476
919,26242
839,62044
656,11944
702,18239
628,118545
1063,96782
949,4212
764,10477
859,26024
1077,27922
977,15368
859,18205
702,167772
704,3181
784,73665
949,24422
1013,187362
925,54746
951,1032
991,164692
1013,66981
628,33680
881,177959
1047,56963
1067,57286
949,31261
1063,173381
949,17678
839,69593
1061,2717
702,88845
628,108899
824,7213
949,92653
919,94665
1077,9635
1077,29426
949,5491
1063,208807
1063,108768
1013,171446
182,385
656,35385
564,755
1047,95309
622,28089
802,11068
977,173106
1087,87611
828,7711
1063,776
1053,19669
714,97444
1039,23084
656,10788
949,52311
656,22
849,29783
1047,2363
839,69861
1087,96939
1015,368
1087,103514
1013,34648
881,70228
1047,25151
738,26619
981,101337
925,90652
1047,79593
977,77507
949,64480
1053,32459
628,52892
714,83440
1039,18306
702,113868
722,1778
704,31336
881,185772
917,22005
1021,9119
738,22905
925,16622
828,38948
607,569
945,409
628,156680
656,62384
702,2109
1063,39842
1013,210539
702,41296
1053,83217
1069,29034
1061,324
406,78
1039,26921
1055,9970
839,176829
977,171566
839,51254
949,118575
949,25889
714,124107
839,174735
656,9478
839,20001
925,10607
1015,25904
991,145747
1047,72474
977,80492
911,114549
1063,115581
704,33463
977,119095
702,62678
839,10146
1013,26578
784,46523
1087,38829
738,28500
911,106568
2157,26
839,53267
628,146387
656,12617
839,106149
1013,110152
1057,74666
881,147635
841,15660
1097,42600
839,34977
704,127925
1067,71450
839,82096
702,77772
1047,30947
1067,24133
740,2144
1047,109215
925,78322
839,49151
758,6081
1069,87067
925,71882
802,42965
1021,20287
1021,33576
1057,57043
981,93024
937,1905
839,131838
1087,35573
714,104906
1063,5004
1063,55554
738,30960
1053,4665
704,71599
828,62078
784,5775
738,29241
919,109309
1053,5082
824,53361
911,113298
839,1103
951,12426
1047,91639
702,140256
881,54244
156,114
949,21332
859,7388
702,52969
1023,43306
841,4035
881,103043
1063,200055
931,16
702,133775
1053,22646
977,97621
1063,59658
704,30141
981,96668
919,87274
881,148152
738,53786
1013,49791
839,149503
764,4746
1039,49797
622,24349
380,42
881,17712
881,156075
704,87753
981,90682
1087,101820
656,57445
1063,58900
919,107317
841,2701
133,28
881,129099
949,106299
704,148602
991,137018
991,110127
1057,19492
714,55754
784,28541
1057,90378
1069,47812
812,10028
1067,109037
802,46669
714,71639
1021,31449
841,26602
684,8685
1063,65406
702,133403
839,70626
113,460
917,30545
1013,118465
828,70521
949,51096
156,179
784,53171
839,6069
1013,143002
1015,58
704,93696
1067,39866
564,590
702,194049
859,10764
684,10654
1067,13736
702,198095
963,17224
1047,93256
919,51495
702,118717
977,105559
1063,132561
1013,65905
1097,9610
1015,6165
1053,109493
1067,34068
1067,90033
849,34753
831,23550
977,765
1013,147868
828,42713
1069,40516
849,36352
1063,37939
704,97033
881,60709
1013,10782
839,55791
1063,207191
482,411
951,3086
1063,224665
802,34235
1097,7680
1097,36974
981,95188
628,40637
841,17311
702,172748
981,77107
1021,31254
919,27084
1063,13516
814,26538
704,143277
859,12499
1013,146979
802,26477
881,42567
1063,214545
738,25684
738,3205
991,83277
991,92478
949,114653
714,115009
628,111959
881,155084
702,149180
849,16438
1013,18639
628,22910
714,102760
628,49665
662,2040
628,123036
991,2953
881,89218
1013,52237
784,65148
824,31794
925,92559
911,78053
839,147929
1013,127310
839,153085
656,6522
1047,1500
1087,97499
1053,85867
1063,166938
881,8882
702,24845
881,32524
784,16333
1061,5605
688,11919
812,50166
925,12867
738,4147
1013,91336
702,44807
684,8352
911,50494
824,19953
1021,27728
981,57925
622,34969
911,39620
1039,38237
911,47860
1067,16706
1063,74289
702,26193
881,180245
628,4584
911,101344
828,15003
977,154959
949,56168
919,26316
702,15204
925,78922
917,36868
828,78398
1077,14555
831,12672
1069,68491
1063,24464
839,138475
1067,43288
1013,128069
702,73360
925,8936
1067,41670
714,4898
628,50222
1055,15924
812,55287
118,212
1067,82163
925,26631
863,99
1063,220864
714,47297
911,25407
1063,214177
839,130633
971,4726
949,31993
702,25879
696,310
1055,41662
977,6613
1063,144339
911,12542
145,304
977,118036
1063,46340
1027,2464
991,171774
628,114579
1057,58890
802,54447
702,122163
839,7849
688,22913
859,5564
991,73954
977,54750
1067,47197
867,1391
919,101122
1063,41859
702,114553
702,85131
628,63174
772,25220
981,38139
828,56767
824,19054
802,63090
1063,231590
1069,93544
991,132747
1053,36814
1067,37852
662,4044
824,56738
841,20670
1069,520
824,9961
688,1866
704,140992
1047,28991
702,34092
1069,58743
991,134298
1067,2487
1013,84475
881,33550
1069,3326
784,10431
1063,207894
991,149312
911,91106
788,25434
917,1431
704,34578
550,343
1013,39205
981,33793
839,126385
1013,175122
1023,15422
802,11827
764,17031
991,74879
981,14174
628,95868
288,255
704,34354
764,9988
849,25837
622,33611
230,219
849,34301
714,123464
704,121577
1063,5586
1067,80711
981,34127
788,10199
1067,58363
784,67618
1067,76720
999,25
917,35351
881,15195
722,2754
1057,30477
839,19269
828,35106
1023,38105
919,74348
1063,46450
628,172708
1021,11607
828,52883
1097,27659
881,94515
714,35947
1053,54665
628,128386
656,9097
911,117887
2045,17
1047,49704
1015,5151
702,31317
981,84691
1053,7487
1063,35670
859,39030
1015,21864
1023,38141
881,104662
911,86191
1067,33163
806,18484
714,21374
622,10976
1061,9553
971,43343
839,53998
1063,11976
1047,41283
258,137
217,199
193,213
1067,89018
977,154020
1023,14622
981,28890
1067,107753
949,48575
1087,107296
812,26367
919,104811
1013,144481
1013,27832
919,16057
981,118330
454,266
1087,43484
991,172965
1053,89938
784,3262
1013,111156
1087,64985
702,120039
704,5793
1055,52427
925,127089
1061,19106
1067,46225
702,133071
1057,7021
784,46932
991,2798
949,1277
859,4769
1087,78597
949,29483
919,108802
802,58326
788,35521
839,6641
702,74960
911,111971
1023,12581
1023,35179
881,141575
1071,382
1087,41911
971,48805
824,43122
1069,79681
1057,84640
977,65819
628,18886
1053,35865
758,8761
1063,127949
991,71117
1055,14390
977,64810
1053,67007
628,123050
688,16046
784,18954
656,8824
963,10150
702,127611
911,102600
981,2123
977,115123
628,62097
812,58609
881,101706
788,38993
784,18659
1067,71576
1097,23466
981,74666
656,49611
245,444
1067,44116
714,64442
971,42335
839,129798
324,407
702,148682
1067,102879
977,71650
155,7
688,22375
1057,73244
839,120255
120,185
977,95457
1063,215234
1047,55607
812,5676
981,85938
1057,12979
1087,16743
991,131139
784,78450
1023,37516
1087,71442
881,168272
702,124400
881,35037
702,162604
628,53130
1015,21819
917,26859
981,10067
869,1879
925,4402
1057,41169
704,62296
1013,11781
714,110147
1069,91437
925,118178
1039,4260
784,26704
839,61013
977,151916
1013,140012
824,51546
738,11224
1053,11651
1047,23903
991,3685
991,23663
911,34627
1067,89912
1087,63799
806,872
1053,121126
704,110965
704,114700
991,114586
802,57521
814,27189
963,23304
919,123439
881,42430
828,10976
814,12894
977,106128
628,147908
849,37066
1087,18716
1053,19600
772,18823
963,6120
828,47020
702,64307
839,157375
1077,8173
849,34492
824,35660
1039,56498
704,90892
911,23511
831,18292
919,13185
628,91070
881,33261
704,156567
981,80465
1063,187739
839,23196
991,93212
991,55902
983,2558
826,824
1063,108727
949,97488
1023,10312
1069,1938
949,106454
1063,121013
714,33421
831,5774
772,30505
919,52315
704,78390
971,5028
1013,119127
1053,63259
656,54329
1069,27006
812,51715
1087,74133
971,37081
1013,179929
981,37278
714,81899
688,2095
919,67797
1063,119681
628,148038
702,73618
802,15663
828,3398
1013,139301
1061,5778
1021,23305
1013,110226
881,76293
911,73365
1047,106630
991,36624
702,100387
981,120877
1055,57236
949,2228
722,2738
740,513
839,88216
714,95743
702,66179
1057,94064
925,31552
981,37430
977,91526
925,32051
1097,14765
788,36593
925,72304
702,39476
714,124542
925,55537
1063,20055
812,54642
1021,30703
1063,125063
839,71427
1013,22632
427,488
704,141648
839,53507
1039,38621
628,134763
977,12525
1013,20690
1023,14698
849,28214
702,89342
977,62496
981,71986
839,30962
1039,55093
1063,156919
1055,57015
949,85591
991,179893
1087,105977
831,8441
784,16830
828,70915
1021,24030
702,143387
788,19230
628,18154
828,29712
714,34853
1063,191829
991,153458
881,124106
925,50942
1087,87057
622,32326
911,107464
1057,63992
628,6665
1077,7343
828,19589
704,57926
824,35584
841,21299
1097,13696
991,110946
1063,141622
1047,57926
788,12476
342,157
628,114790
75,359
971,22200
867,1107
1087,102391
702,56411
1087,86766
971,35012
1077,3472
839,189996
971,23065
802,53356
656,36991
1057,77558
1087,35396
977,75543
784,51544
1087,81515
628,130698
971,7851
380,106
977,129693
1055,16164
881,127682
776,1228
60,74
824,29713
702,90344
1097,22669
977,175798
1067,1284
1063,218438
428,50
1057,47488
991,36359
318,175
841,11397
977,5602
684,2952
949,61647
1047,74402
714,109351
991,33705
788,27549
911,82018
1047,630
917,14201
1063,144286
1039,34550
831,6873
828,31651
977,2914
714,73851
1061,11531
828,71107
1013,116016
628,151350
1053,89343
740,814
1097,35536
1063,20570
1063,184875
1013,26298
839,18258
1063,104906
569,42
1063,47619
949,74371
628,114823
1067,84967
704,137218
977,70289
951,11925
1087,98912
1053,88788
841,18780
1047,73997
1013,166935
1063,56693
628,65842
1013,98963
1055,28270
714,58995
911,15944
911,18999
812,33970
784,43523
1055,53982
738,54428
977,35077
772,13573
849,14352
839,83531
704,98547
1013,128944
1013,25293
1063,220107
981,38638
991,60351
1057,6257
971,11790
756,2727
213,8
1013,219275
977,8112
714,113024
925,52135
949,20223
1013,122671
1015,13255
981,103055
1057,89720
849,35607
812,17259
963,6837
704,144834
977,151492
802,29159
839,120731
917,22473
828,16272
1013,203788
949,105404
1053,77551
714,117024
704,153930
1013,78373
1047,31588
881,162428
991,58203
784,85902
1053,92397
1047,36410
824,17205
828,20794
1039,56872
828,59460
702,134791
628,172879
1067,37094
656,32981
1063,177452
684,7316
714,13884
1063,53879
1067,97977
881,99468
702,15664
656,48545
714,66655
881,20761
1047,111313
1055,31566
714,101198
991,1336
919,25445
622,38789
702,74387
839,158891
977,56337
628,118314
1057,67556
1053,107604
869,1901
628,134670
622,1981
702,62033
1063,153905
963,7708
702,24795
702,132512
1087,64620
1021,14780
628,127874
704,111106
981,13312
925,11654
784,4927
917,14323
977,44559
977,169033
704,151062
981,96746
839,207
919,90299
1013,27580
704,67678
1013,129410
1057,70549
839,30895
881,13763
1055,47159
977,116672
949,47593
839,86581
911,41672
937,721
1097,24454
841,23392
1053,23587
1067,11856
1067,37470
782,1006
1053,125853
573,66
824,18483
1057,7912
881,107946
1013,219262
839,4114
881,92960
1039,55525
1063,125796
1057,23798
704,115213
812,2846
839,197603
656,33660
784,61206
991,135382
702,178855
1053,34645
1077,14020
702,47009
702,136085
919,113851
949,54558
1013,161769
1087,48410
628,14266
1069,89460
977,134745
802,17006
1087,82839
1087,80188
991,74906
660,3462
917,1582
919,97664
1047,83072
839,149125
859,12442
704,153630
802,17332
1061,205
881,29923
1063,82444
925,78326
1087,13464
1015,8964
714,18040
702,125040
802,40393
622,22815
991,112339
949,67664
881,137005
981,6645
971,53031
881,19628
828,25389
925,108982
981,70172
1063,152709
702,20155
839,134314
702,193723
628,63160
991,158467
867,1295
628,510
1053,87240
628,165706
702,190963
1067,30837
1013,129264
1023,22074
1013,18415
881,126544
219,174
714,135129
1013,172194
240,365
977,151326
981,3749
812,58458
1069,63284
981,107100
628,43762
702,73967
764,13017
859,34547
971,21139
1097,14701
738,10345
839,119686
824,4952
704,118651
1015,10672
949,38367
622,3414
702,189139
991,147022
828,33819
981,79795
704,64500
704,94388
1013,149677
963,9255
702,30023
788,26577
991,72655
704,106169
738,51540
1055,38062
881,128014
1053,44819
1063,88409
1069,15995
812,3163
911,68364
991,124009
714,132892
776,1578
1057,78359
1023,5379
1055,45405
911,17884
919,112279
738,54541
859,16688
949,27122
991,68377
971,18751
628,67876
656,31072
949,53308
756,72
1069,37757
702,75178
981,20321
772,186
702,122134
911,31667
949,93402
788,33217
738,38957
977,156721
977,60247
977,129757
1061,4139
628,32617
1013,129641
841,8059
977,57572
981,47691
1063,65003
991,128331
925,71709
1087,57293
1087,100717
828,48164
917,11449
981,132186
919,116907
1063,39057
1063,94975
660,3074
1069,2231
839,145508
1069,15063
740,3781
704,6913
588,539
628,92402
784,17195
977,53525
1067,56204
1069,30525
1061,8705
1057,90796
1069,90991
831,7660
802,39270
784,75382
702,92830
1013,213879
1021,10992
1063,213441
1069,88251
1063,135471
859,28852
919,64393
738,13513
911,90611
911,85338
688,8763
714,58136
1053,33287
828,48916
919,10352
949,92244
622,8583
806,14043
622,5815
714,135543
628,18306
1069,49177
702,51548
702,208119
925,132098
1053,111174
849,22188
1067,56803
824,9818
702,47649
628,111693
1013,134095
1039,33192
704,128947
714,79990
704,154583
688,13203
925,71937
881,66942
991,177970
981,130730
881,112389
1057,33643
977,132828
977,97292
881,181963
849,11971
714,54902
925,27436
859,992
1013,14564
859,7342
981,52929
1013,180216
841,2888
841,16044
784,55952
971,1502
971,48458
981,116930
1039,26833
1069,19293
841,6224
1063,65120
911,75447
656,27588
1013,149417
702,53189
1013,163206
628,20810
1013,149613
702,68061
925,10870
1057,40045
981,130621
839,139025
949,78598
622,36979
881,115815
919,70203
688,12759
981,87773
1069,10265
702,194517
917,17693
971,16887
628,20365
839,188507
622,30228
839,63083
1063,111878
1055,14593
828,2835
738,49450
839,62311
991,86205
784,35658
382,451
1047,82256
1069,17253
839,107767
812,40173
841,14406
1021,34037
1015,26090
881,161038
991,626
949,103650
628,86073
1063,138590
977,175711
702,90405
702,30533
981,62207
1067,36697
1069,31613
684,4744
1063,227828
991,116465
949,89253
588,131
839,154734
951,12678
881,187048
1013,141517
828,44075
1053,44325
981,106095
622,6244
1067,54371
925,87443
628,38758
628,163214
911,98013
1057,73944
1057,92259
1013,40081
784,15924
628,109603
831,19310
991,95860
1069,74786
971,5433
660,4047
812,25154
981,103580
859,28639
1057,530
1067,104391
1063,30371
881,150475
977,174959
812,29260
69,203
704,142307
841,24703
881,186457
1069,88877
1013,9473
991,69645
704,65180
628,59336
628,102115
977,66945
991,155118
831,3696
802,56317
925,92133
981,57034
949,3393
1057,75663
839,67752
788,37986
1063,198424
1470,83
911,100555
1061,13537
1039,45206
991,18959
1067,42296
1013,124978
628,161154
911,21200
991,80475
1023,1371
626,257
991,155649
1047,84260
919,100751
828,38405
839,52268
828,3171
702,113543
1087,80481
788,7942
1069,83185
859,18375
702,103882
925,41635
949,107032
1053,66217
1063,54057
1039,37562
656,7941
849,39606
1067,56656
911,19540
1013,219535
628,122244
704,96621
859,23991
1069,56034
839,138848
859,26110
1087,2552
824,5787
1047,107203
704,137313
1067,95296
824,16581
824,34282
949,116655
1097,38589
1055,39011
963,1241
211,98
1047,67456
1063,125047
977,7769
977,151540
963,19664
1053,67595
628,11533
1013,117069
1013,79364
628,87330
1055,33861
118,363
977,53537
828,66470
925,27778
812,53171
1087,42305
1063,114128
704,142601
806,15724
881,506
925,61294
2074,29
622,25418
1087,16021
1061,29292
859,25356
991,64991
66,550
859,23031
509,115
1053,24577
949,3933
1053,101563
839,103574
991,46632
802,75299
911,40076
714,14257
802,51289
704,49218
839,64147
656,55355
919,45022
628,95769
1063,92159
991,69894
949,23047
991,69097
919,86037
981,35649
911,107355
949,107724
977,160447
814,19955
991,4983
859,14956
784,54266
925,8826
977,60394
1063,89798
911,96552
824,23960
911,18865
1057,2727
1013,106568
841,17235
1063,66397
1087,33434
1069,66844
1063,115190
828,55387
1013,130001
814,19221
812,25503
925,103431
788,19821
814,138
702,5632
1063,6864
764,9350
1013,19846
628,89154
814,18040
1097,9987
991,61863
688,19626
991,101827
925,33265
714,77609
925,26735
971,41586
802,36828
925,65499
704,157473
1021,2873
925,37847
1023,38395
1013,144362
740,851
1087,15930
911,3811
1061,22213
1013,217832
977,32952
949,68793
628,16299
1063,69898
628,69382
806,4478
784,64240
233,221
740,4837
702,90483
704,117302
911,82589
600,139
919,26999
919,120534
991,111355
991,88441
963,12617
1069,30795
1047,104254
738,16305
1057,7311
1087,12292
1063,162879
1063,123184
738,4503
1069,37134
977,94792
1069,56577
849,32937
784,9710
849,3386
991,165580
1013,42537
1055,38966
919,107478
814,13416
925,31919
1067,76414
1087,83461
949,94497
881,30656
991,102311
1057,8302
981,3826
772,18865
1067,66748
824,15271
704,77097
344,323
1063,212155
828,5792
839,198660
784,69719
1015,25910
702,90957
738,40352
628,83004
1023,17320
814,33553
839,163349
704,19078
1015,4128
1087,66861
981,3289
1097,17027
1063,113535
925,45241
881,143635
704,79511
1087,92228
828,65399
828,21707
1013,65743
1057,54616
841,23148
1013,91456
1047,67072
991,58196
881,17146
1023,21656
849,504
1061,30256
1023,39786
991,716
991,25960
925,68972
1053,83459
1067,84996
1057,70117
738,37296
917,1769
824,27354
1053,64226
981,36444
925,22968
407,181
991,29555
1063,213114
784,36541
839,115690
477,108
849,7032
107,373
1021,3083
981,79889
628,77644
977,156527
812,6953
911,33798
1055,37832
704,126146
1039,3970
766,5496
1057,94710
991,100454
949,52583
738,55375
1047,96680
704,153780
919,105956
1057,7490
628,56412
704,137454
118,642
812,37550
1015,8875
1057,59861
981,28359
602,121
881,98397
1039,32831
839,138746
925,118114
1013,154897
1057,41288
702,63411
925,52032
1013,99382
1087,41559
702,109227
977,168033
1067,93394
977,176598
1021,27233
764,9880
1067,99756
981,7358
714,40454
1087,19808
911,68453
1063,23935
78,60
981,94157
702,147428
1053,53274
1063,154981
656,63346
977,107784
839,103741
839,176536
925,9776
1063,94412
925,15420
1087,502
656,3716
1063,208585
106,180
839,149003
1057,9683
919,13969
704,52907
828,60736
991,112293
1013,16114
911,58886
839,147898
919,77768
1013,13782
628,79536
839,144150
917,8367
812,47920
704,136092
704,103483
738,34568
991,181059
1063,67234
1063,135142
1047,98126
1023,24662
628,149189
1055,40743
911,1726
702,167571
839,120276
120,26
1047,105205
981,107967
991,98688
841,14941
772,12659
1077,1837
824,49667
784,47153
702,108885
981,73433
911,39410
1067,65965
971,44878
812,11267
991,51837
911,56295
1067,36580
919,103692
688,14869
991,2747
628,44290
1063,9984
738,49657
1053,64992
925,65483
1067,59095
405,349
977,123130
919,32594
925,80835
1077,28715
839,183837
1013,190261
919,109054
859,15851
1063,99877
1087,45229
881,106194
1053,62891
814,28487
738,43281
977,53405
1047,98928
1156,47
1063,92678
911,110390
1053,69657
977,111072
1077,3668
788,24
1057,60571
772,25466
911,24521
963,22070
841,26629
1087,97691
738,4274
824,10592
40,183
991,131959
1069,30689
714,24866
702,82418
738,42679
590,328
1013,82263
977,153963
656,18572
622,10798
925,22108
833,911
702,55691
1067,84751
977,105475
660,2409
1053,15908
660,629
1057,81746
1063,85730
702,164942
714,112350
859,12564
839,110346
1013,225250
991,60302
559,381
991,95195
704,1485
704,87023
1097,10292
1075,436
971,45788
977,24085
911,30058
1063,170684
1053,95674
628,77542
991,164578
1067,79791
812,14154
628,46893
919,54048
1039,43949
1063,167694
1047,77821
802,24899
67,290
841,619
981,120391
881,182550
1013,132289
704,128880
1097,36937
1053,68010
1055,48488
839,100210
1077,13598
814,18707
1013,136593
1063,10216
1047,106909
1087,88684
961,133
738,22058
859,11877
788,12989
714,118875
1013,213201
1047,109075
977,123228
881,108
991,1183
628,72888
881,37560
628,21687
881,139678
831,3245
722,5854
824,448
1053,118842
282,274
839,190134
1013,199290
925,101886
714,79984
911,64101
991,168763
839,12975
802,67538
714,45007
981,133452
925,2793
977,50868
981,33156
812,35098
1053,3496
714,123876
919,13420
702,19548
580,693
684,2739
802,23106
1055,5040
1063,105246
1063,144545
1087,66407
828,6593
977,19628
977,111224
991,178126
1013,139164
841,29046
881,20931
849,39301
1047,50739
881,160108
1039,21939
881,100429
784,72783
1063,172745
622,30942
2186,1
1467,27
977,165901
1053,81959
925,123713
1061,5746
704,96612
1013,58914
702,74209
628,148553
1063,122490
925,95594
812,60905
1063,229906
1057,22213
1063,112341
977,179378
772,2916
849,35588
1023,41632
925,98107
1053,101776
702,134425
702,119380
881,157089
881,68979
881,184750
656,19161
1069,24282
977,77344
597,213
704,119296
1023,19924
714,39735
991,164638
991,67415
949,105462
981,27665
1057,59323
841,28875
881,100895
925,16691
1039,31687
911,110515
1055,3370
881,29832
919,51767
824,38056
628,84115
788,23749
1055,6546
802,29664
784,64857
1061,12528
881,148326
704,37221
824,35806
609,84
714,78831
949,7944
589,223
981,45537
702,79990
881,132522
911,92433
1069,67781
991,132512
949,3523
702,4124
1023,5504
656,23956
925,40265
784,84322
981,4355
772,30460
824,22488
1021,15861
949,69030
714,9014
1067,989
839,81415
702,118094
812,23815
628,152127
971,54121
828,1870
1047,108213
839,154954
991,162914
802,74495
977,163
881,172066
814,26869
628,27371
1069,51464
704,95575
925,19958
991,33774
1063,37850
1023,26839
782,341
714,74742
981,42261
7,139
949,81747
1063,196424
925,72881
881,156749
1047,97858
1063,43599
656,42108
738,52981
367,65
1047,82039
925,68465
1013,168176
981,135178
702,82179
1061,24431
628,106970
132,275
991,69225
430,354
981,13105
702,192121
919,47166
949,40079
925,64684
824,12170
814,17035
949,62425
174,342
977,2067
1013,158580
1053,57232
756,6108
839,85090
2045,27
1057,28305
1063,100175
1077,22583
1053,130561
919,73015
1039,31806
849,17968
1057,58733
704,128507
159,564
981,35492
1069,58185
622,34577
1067,4769
622,6224
881,157036
1087,100515
824,24604
949,114182
977,64157
1063,227915
977,27419
704,26894
911,52257
1015,23133
802,20238
1023,16738
103,386
1087,32364
1039,30392
738,52066
1013,36416
981,101789
656,34624
397,142
1067,39779
1069,6171
1063,122638
1077,24479
1087,94665
1061,5866
1047,3800
949,15990
925,5219
1063,167742
656,34067
949,28887
814,18245
1063,221462
981,66807
1047,107086
714,104903
784,79642
802,63076
628,125139
1069,52924
656,37105
971,29115
702,179845
839,23276
1057,75059
991,6395
784,3942
704,23784
1013,145436
704,149261
1087,78089
949,29549
919,18667
628,40313
788,13541
628,56548
839,196948
839,93743
824,46521
1039,9844
1063,123886
722,4974
991,111207
1057,9119
971,8019
628,39141
919,415
714,96210
991,125902
977,114417
881,98013
714,99332
839,24875
812,7523
628,5293
949,93343
1087,2109
704,94650
1047,76936
925,55594
812,22061
977,141403
977,58533
648,1587
831,25086
881,31029
1063,208924
628,39267
704,51480
967,1458
911,43607
1063,170949
218,39
714,107484
1053,66677
919,2899
628,51047
1063,76961
802,70821
806,13736
977,52152
917,4543
991,87746
702,107070
704,85005
1053,47110
1067,29617
991,143301
1055,11432
1087,44563
991,17864
704,132077
991,17452
1047,107691
991,15222
1470,67
1021,30950
265,259
1069,60448
1087,64426
911,67310
714,114140
1053,36142
1013,206758
1063,176976
622,17114
539,216
1053,18258
911,79480
1053,89618
925,35007
1055,6691
828,45580
702,115944
1023,23020
702,133281
702,24481
738,28009
1013,102993
911,78670
824,58957
881,19974
806,10802
812,6583
1067,89747
802,11091
991,113330
628,41607
1057,22134
1023,8110
828,67526
2089,41
1039,54361
839,136706
839,167994
1053,79931
714,15555
881,62593
534,164
628,97538
1053,92832
1067,41023
925,110701
656,23388
212,550
1097,1254
949,26413
911,119783
1067,78757
1063,180572
628,85056
1039,31561
1053,83142
662,2970
702,125474
1077,7768
1087,11807
841,28572
1069,50176
1067,76527
702,119300
981,102211
714,51431
738,14523
839,13100
949,72545
841,6092
1013,206784
628,64123
40,185
714,15660
1063,110695
714,74621
704,31553
714,22661
991,77200
1087,63473
991,164225
704,28987
1047,24799
814,30648
925,3674
1013,114012
1015,22212
977,150086
919,70832
1063,209691
981,7538
919,24112
628,107999
802,29005
1063,118195
2165,18
1067,16519
977,114677
828,14348
772,3392
1053,29620
839,182945
704,30623
925,59962
925,23512
911,85635
1063,20035
211,95
1013,194154
714,81677
991,13445
911,31593
1057,5401
991,138323
1069,13242
764,7311
714,87569
1013,90554
300,153
849,30794
704,71767
991,100689
949,85249
688,16417
1067,69111
772,24005
925,116258
981,127477
704,130192
802,44012
1013,63636
714,43605
1013,203162
919,43178
981,102203
702,126546
1087,915
702,208106
911,122792
824,35740
628,71894
919,78510
991,144333
814,26546
1063,209317
1063,57625
702,201898
949,106743
704,111804
991,159575
628,26431
911,69909
991,90876
991,28942
925,89598
991,32492
628,38740
1047,51170
1063,43513
1063,129662
873,1017
963,16681
1061,12134
849,6717
1013,30910
704,32534
622,16078
1063,29647
1063,159778
919,93869
911,76648
1063,116511
869,628
925,76243
1087,93544
702,148430
1053,127423
977,178415
702,144933
1039,27963
1097,33342
925,30987
714,94100
738,39268
684,13690
714,3992
622,3904
688,22718
772,32439
881,52288
991,17834
802,36464
1047,62880
806,5134
1063,66398
1047,11318
949,30171
1063,148898
991,10437
881,99385
881,132529
1055,12835
841,13769
704,123009
1055,606
1053,26094
981,42932
919,32556
714,63969
1013,128924
873,497
1063,164450
881,3225
824,35698
1087,27846
190,39
981,22809
1063,209462
714,19670
949,60090
1013,103138
1069,87305
1047,105229
1063,132586
1013,195089
622,19819
1015,12124
1087,7065
702,109282
702,84716
881,107868
704,112215
275,427
991,178251
788,9395
859,26783
1087,85757
1069,58475
1057,25635
977,26971
1063,152102
1047,82582
963,8146
714,103948
828,36460
1057,11081
714,50584
702,183769
1013,166480
660,343
1067,34529
1053,126362
925,4232
812,4067
764,6906
812,60370
971,20849
1053,2725
1055,45264
738,25735
917,36925
881,177300
841,25506
937,681
702,186709
1097,32128
1021,7744
991,102796
911,83509
1069,85263
628,164727
977,34176
704,30979
1047,31665
738,3108
545,453
981,77126
1055,55096
694,3448
881,28269
1023,18325
1013,132188
609,598
1057,64227
704,41277
1067,63556
784,70217
57,19
981,44539
704,94602
1053,108250
656,37024
738,19347
925,77386
1013,79936
1055,10442
977,168361
991,166025
772,16746
839,22768
839,24804
704,69586
881,159892
1047,87440
1053,52108
84,523
1087,81712
949,28647
1013,207228
1077,27059
881,122607
841,29737
656,49055
911,19357
656,48404
839,39742
1039,19069
881,11728
628,91866
841,131
977,3498
977,63442
702,143437
1061,22581
1087,13773
849,9718
919,81902
839,63635
991,142043
839,134341
828,40577
1063,185681
802,61153
1021,3467
1055,3328
704,114216
812,56989
839,143925
919,78942
714,36453
776,1271
1053,67761
1069,83517
688,23075
714,120966
1063,18320
963,8519
1013,166287
911,26445
881,148392
812,13936
287,117
1087,89251
702,166202
1047,7650
702,91945
949,95817
628,103162
1057,13530
1063,204439
1057,59308
344,20
1055,14838
1063,214038
1057,34519
981,44599
1055,48957
881,67943
704,95855
551,161
1015,18285
622,3548
812,35940
1039,38287
925,113207
919,124418
1055,54347
1013,186205
1077,26023
981,56299
1097,11387
684,5635
766,11619
812,55829
977,70485
881,12889
702,55862
1013,226280
1047,108065
702,52875
585,359
1067,46163
977,54417
977,92179
547,321
859,32328
14,362
1077,26927
919,78082
1067,75039
607,416
828,62862
1053,61101
1067,19247
788,11495
1077,28266
981,41948
812,6779
859,16672
1067,66418
702,109742
881,106625
1471,115
1087,80994
1087,34651
714,134951
991,160478
704,34245
784,76466
839,93665
784,85040
869,2827
764,4445
881,56251
1063,171888
1013,158029
919,24072
1067,16582
622,34280
981,70283
1063,104265
1075,439
1063,59227
981,13057
812,32966
917,3948
702,105335
925,62208
1067,50458
925,115703
714,28365
991,99343
1063,128899
1057,29221
839,181296
1047,13778
981,109467
1055,56523
839,9806
632,1386
881,165120
1013,74910
1053,12197
714,61501
949,90487
355,136
714,55347
949,105995
839,9498
828,63514
702,198270
881,62326
632,688
977,82746
1069,78513
1055,1219
714,53116
702,148727
1013,84492
977,92110
869,2818
981,40671
714,125398
919,40580
1063,7910
919,110630
881,134779
806,15527
764,15978
981,5945
911,33275
702,151160
702,151888
1013,59941
1067,7558
628,147877
1053,19326
981,40543
828,37357
1039,3737
991,125882
1013,185433
828,33099
57,98
991,121393
654,313
1097,36485
1063,130446
1057,359
839,19191
812,40340
702,23233
949,72289
859,28847
1047,22779
925,55368
824,17465
628,144353
1013,3111
802,64634
764,15393
1053,86772
963,323
130,280
925,20803
991,140220
402,223
1063,139203
1039,33285
824,53592
1069,41778
839,20400
1067,46613
981,14560
1053,21223
925,35851
839,73755
839,157692
925,34275
977,19312
971,22093
714,72523
1047,57115
971,3134
991,31885
977,83535
919,122788
1013,94917
1023,18724
688,2644
714,40176
784,62354
1055,40509
831,1716
977,72634
806,8540
714,22079
1063,129490
802,1786
911,62256
1053,56407
1067,75275
1047,1460
1061,22315
831,254
802,81961
925,43328
802,39707
1013,31841
802,69868
714,45848
1047,73896
824,37308
1047,106306
949,85625
738,52174
1013,138609
911,70189
1063,86893
963,14944
1013,226548
859,17128
1087,15549
784,27683
1053,98431
1456,41
758,390
704,125553
831,13343
738,12533
1013,158488
839,43987
656,4707
1047,108394
881,20275
881,81902
1061,17218
1053,72744
702,132713
981,41696
472,668
688,21093
688,2150
656,58307
971,18064
839,128433
802,29441
925,66533
991,58580
1039,36118
714,1511
991,72690
1067,24942
704,124546
704,142811
1047,30351
841,27539
839,36508
714,83642
702,32060
1053,300
949,51476
828,34164
824,17365
861,201
812,37137
977,56616
1055,52962
704,147036
849,11084
702,4040
590,207
628,53531
702,67905
977,166583
714,128763
949,57825
812,36823
881,126157
704,64932
839,155326
881,5261
317,307
1087,31519
628,102006
702,133009
1013,43985
991,1058
628,91675
656,58283
1047,10959
714,102142
812,5827
1039,26371
806,11270
949,177
622,4772
802,16099
977,90934
431,416
1021,18248
991,19575
1013,67225
971,25433
925,81302
1047,11189
702,31237
1063,64940
95,128
784,4427
839,112957
1063,10498
917,24622
1053,51001
764,14932
991,34725
1077,22219
802,56995
919,46633
1067,62555
1063,5986
1039,58541
702,166747
1013,53987
704,88832
758,5822
1013,17641
981,22487
662,3936
881,5762
628,40253
1063,54743
702,42495
622,13987
814,27636
1013,91462
977,77250
1053,94398
704,89618
704,45616
784,30983
1087,39927
949,108658
702,115350
981,55948
1053,132348
702,132658
1097,10853
991,76138
814,14220
839,114202
839,83216
714,77758
802,63291
784,70354
814,9731
1013,54495
949,42244
628,152506
702,89489
1047,57339
788,39259
977,119593
628,27287
1097,32811
881,79104
628,123399
702,81417
134,353
1021,30274
628,52880
981,62245
1053,30881
881,140148
784,53696
766,6516
704,128027
839,11891
824,13349
1023,37345
622,36768
881,94434
1053,13769
704,73391
1013,213254
1013,189540
812,38897
981,11569
1067,44942
802,81347
949,53196
628,108893
1053,85606
911,66217
1063,211939
977,157519
1039,25152
1097,36134
6,143
919,41646
991,60317
911,73786
881,48805
977,40722
828,43854
1053,22669
1069,40393
656,476
812,4417
1067,95051
714,17405
977,86602
824,14054
839,170980
158,242
1013,110034
824,48043
1087,29995
977,86946
839,34296
949,3234
628,145992
1067,52158
1087,2928
1057,6554
919,17435
859,36416
1053,17048
1047,28932
1077,29014
911,91645
873,638
828,78139
981,104268
1047,110727
714,50426
881,173451
784,27390
881,66321
704,68460
839,22233
684,9062
911,70595
841,24824
433,320
824,4343
628,21034
1063,126471
702,12061
1047,90694
981,94645
1053,49734
534,293
1053,117816
977,169225
881,176667
849,4659
702,124125
1057,43608
919,53179
977,79662
702,164213
1057,15870
839,17236
981,115981
340,144
828,42317
812,18991
772,11629
1057,15993
828,61670
951,4142
784,1893
977,169099
788,18816
1063,168641
1063,141848
977,161533
1087,42325
1013,196957
1013,158126
881,173574
1023,20536
814,2156
656,26374
702,98449
977,79086
839,131491
806,18302
1069,1389
991,94276
911,65956
839,22254
702,46556
1047,106718
784,38673
828,35199
1047,6115
824,24241
702,17544
704,86851
738,983
981,10162
831,4384
859,16916
977,124461
702,202751
917,7432
1013,213064
991,67495
1053,106841
704,6513
628,74321
828,48509
702,9489
824,34272
839,96470
1063,224977
688,2131
1013,165412
949,24135
1063,81766
828,67018
1039,6639
1069,6971
828,30399
828,41322
622,26379
1087,76169
919,44124
784,22800
1021,16261
1047,86225
1087,106382
1039,35083
814,11710
704,146214
1097,2616
1087,30564
688,11686
839,172759
1013,75016
1069,92375
949,105523
1063,15166
628,84886
704,151550
622,4793
971,22112
981,3734
911,41602
1067,22285
881,108381
702,204219
881,33992
812,16064
963,4856
951,2495
1067,75457
1015,13424
1091,117
1039,5196
714,39235
991,131633
991,156560
1069,80459
981,77115
1021,6022
1067,27956
788,8459
1053,66998
1013,37096
971,38271
1057,64881
656,21172
951,13079
1013,102415
622,21346
758,4817
622,3352
1023,27088
925,44962
963,17897
1057,14032
1013,125148
1057,57444
963,21867
1063,144169
1063,232664
981,86691
828,36388
622,37598
839,157445
963,14734
628,111083
814,1858
981,101057
873,1961
704,580
1039,20023
1053,51893
1063,46048
626,86
1184,16
814,10377
784,70797
1069,42129
828,59859
839,45091
839,132487
714,122921
925,40901
949,93479
814,27319
607,334
917,39362
772,10766
802,33651
272,220
911,91188
1067,99910
1067,73323
628,117589
1013,137399
849,21204
919,543
828,21821
1027,628
839,7629
772,19605
828,69796
1013,58611
1053,108347
1013,91980
859,10703
981,49255
1015,18706
1053,41682
881,161528
1067,30608
981,121533
828,53801
1039,26591
919,29201
849,35446
812,6991
1047,52255
1063,76933
977,101398
1053,69667
977,167648
1063,11249
600,192
772,2789
841,3058
839,50062
919,13625
1087,68796
1013,78054
704,132902
919,39149
784,3888
702,172594
802,12254
1039,34546
991,128245
977,67824
1069,41650
925,113234
971,879
684,10084
738,44847
704,145449
812,42015
1063,230284
977,76835
192,73
684,8374
702,13005
839,97277
849,31824
977,103124
1067,54358
949,106430
133,224
1097,31460
1087,98635
911,112621
911,53095
704,76231
977,149137
919,48682
656,29392
963,15262
628,42454
949,101
802,73559
839,150813
977,167416
1061,9203
1047,90727
917,35244
802,70966
1067,64182
841,24394
839,87052
1055,20252
991,152398
656,52001
977,160044
839,102914
702,191659
1013,194430
963,1102
1063,13051
824,14352
1013,87330
684,1636
949,99967
839,188447
981,87608
859,43652
1021,30219
704,24563
1077,11860
1053,131152
919,72361
1047,53211
738,51941
656,7024
839,61024
971,10526
702,88380
963,15361
1063,156321
1057,90913
1047,93452
917,33073
1047,87443
1087,19026
839,73248
784,9959
1069,41620
714,44911
1055,50992
1047,63458
812,47031
182,281
839,196740
704,124777
991,128833
991,86072
704,124042
991,22965
971,39140
839,55
839,174492
714,78417
1063,156980
977,177811
628,48312
1047,9588
951,11214
991,122687
1067,10734
925,85463
784,44189
1057,2836
776,2473
1013,88897
628,35200
911,115547
824,13036
1097,2677
949,108025
1077,17481
839,23426
1067,81484
802,52849
911,91085
812,50313
839,145278
628,107343
662,1033
814,23239
1047,83838
714,49362
684,6398
977,129091
1057,57767
1055,1465
911,116495
881,21315
1053,12868
1069,84138
881,113061
806,14844
1023,23305
1069,75898
859,21966
87,111
981,120428
1055,20858
1013,62777
814,15957
1013,215937
1063,232641
784,54347
764,14300
977,132672
812,2199
971,46917
977,35657
1067,821
714,129128
949,107805
1069,84366
1067,13742
1063,185225
977,171065
1013,222556
197,33
1053,57212
1053,177
977,159893
828,68172
1077,6987
839,181729
1063,103001
238,315
1013,81650
881,76479
704,111483
702,66848
1013,30213
1067,11448
991,115027
2038,113
849,17650
704,123475
977,72997
802,59226
925,90504
622,30955
1053,120162
917,17965
1013,99261
1067,98363
981,21415
1069,85498
1013,57122
1047,66968
802,68374
130,336
1067,101058
839,65401
656,42191
839,10972
839,61682
1023,34649
977,145578
784,61539
714,89609
1087,19032
1039,38799
971,42321
704,154533
1039,40295
977,103120
1013,103158
881,187990
991,19574
1063,73458
981,116445
951,2442
704,42976
1063,184925
839,136855
2067,26
802,10116
784,49694
1055,56086
919,18811
839,193898
1023,43357
628,114197
1053,27603
628,173681
1013,71654
1013,166528
861,152
849,475
991,127130
991,3210
919,62242
1067,88796
828,70026
1057,62090
702,187231
824,26163
772,24584
981,125953
1063,75497
951,13369
1097,20991
991,59754
977,62601
802,67846
76,373
656,17622
1057,21811
1057,38341
917,31797
714,32517
1013,61235
839,120633
1097,23986
981,22774
1013,37621
628,114169
704,110965
881,132965
1021,17621
788,23661
32,145
828,45911
702,146449
859,13732
824,27909
911,31530
788,39949
1047,3925
949,61345
925,35974
1087,60742
704,99517
881,105056
1015,22905
977,95311
925,26184
784,83319
824,7576
981,55157
977,88234
772,7463
859,17127
1087,20334
1069,79022
911,29909
1047,87993
1063,64355
1057,70998
917,19178
824,17959
1053,31205
951,12802
1069,90356
977,40680
881,113436
977,160762
1063,64114
991,142663
772,16533
977,36370
622,24927
1021,9076
977,148078
738,40115
1057,42826
1053,132036
1053,22548
764,9020
1087,41499
1069,51866
1013,122482
84,204
628,159535
949,66083
1047,37643
971,3387
849,32092
991,12070
1053,101604
1069,39302
1053,35306
1057,45061
1015,3765
859,26797
841,8974
1063,63547
1212,112
814,23300
991,170943
1013,150790
580,600
814,14093
949,115037
702,55156
628,103198
977,48361
1087,99127
694,884
1093,431
1069,94743
919,59220
1047,99258
1087,70597
1013,178886
991,49833
1063,190063
839,130464
1013,191519
1063,174312
704,36833
1053,56809
772,6758
626,6
1047,58722
1063,194685
824,42264
656,51175
772,12648
1087,8285
626,1825
839,65810
784,53653
881,160265
1039,12567
802,34597
977,111431
722,1529
1021,36100
919,98111
702,147982
766,5703
917,22367
881,47209
824,46532
919,82597
1023,1326
1097,42108
1067,42101
881,109818
1063,218804
1013,83401
917,12401
971,31237
1015,18392
1039,17683
981,70963
424,215
991,81103
991,147697
977,28856
704,78642
1067,79768
977,33185
702,2408
919,123233
881,165333
828,30485
714,56746
1053,108573
1053,119079
919,7741
704,126600
919,30008
784,42167
1077,28267
977,43645
1013,118245
1013,108352
1077,16989
1091,6
1047,72211
991,141775
656,39087
1055,2957
764,17939
628,100787
859,27182
977,73563
925,21298
1055,29447
1055,14175
1057,75044
1039,17590
949,95322
1013,5146
656,17800
1067,68594
732,595
839,126036
881,167727
881,152954
788,4912
704,141834
776,4425
1097,42739
664,592
1063,14938
628,169234
704,49383
738,52095
704,83732
423,83
824,38675
1063,13155
1069,89562
1039,10880
981,47500
704,83653
153,374
977,139166
839,193525
704,82009
1053,5162
426,85
1053,37146
839,84134
1087,87191
991,30314
925,43021
881,95442
702,8809
756,7398
1063,15035
981,33575
1013,164327
714,22460
977,52631
881,137892
704,100276
949,6650
1013,76560
628,92768
824,24253
714,90077
977,16102
824,42603
812,8815
828,10328
824,14641
802,65460
702,177353
991,152876
714,101686
828,38243
977,160796
1069,18219
1047,14369
839,195091
766,10340
1063,227173
702,69383
977,85576
802,47109
981,37809
925,4161
945,489
1021,27216
1087,78225
1063,54896
1087,54151
881,41552
1063,48755
704,49173
833,244
1063,188922
881,152451
704,33637
977,82956
714,125563
1057,20135
839,49025
981,96180
925,766
784,29352
784,45053
971,52570
919,43604
1087,42822
949,118995
1061,15589
977,67631
628,119254
949,92177
977,81175
925,116606
788,2938
1063,54541
776,932
1021,7674
991,179906
881,26347
839,11496
981,114050
1063,834
925,108446
1057,84807
977,139579
738,32516
1055,12105
1013,217704
1021,31575
1063,64740
462,4
1087,98943
919,123683
656,59862
919,3829
977,96257
1069,34779
704,95478
1013,121596
1039,4200
1063,134622
1047,24567
704,20341
824,2243
911,40944
991,2192
977,166330
925,21196
1013,79429
812,39354
991,167843
839,132991
704,32089
911,39852
1067,41313
1053,76890
881,110544
588,0
859,9685
1039,41381
881,109955
1069,3925
702,127537
828,67535
1077,22483
812,54050
1077,663
991,82522
919,81821
802,32675
881,20228
1047,84595
917,3889
812,36989
841,34543
981,29712
1067,23892
628,63175
1013,139437
784,42984
714,78485
1039,4963
977,169638
991,102626
1063,162702
702,119901
704,145145
702,178012
881,57372
704,25096
828,26302
772,3671
784,31994
784,49507
963,338
1061,10536
371,43
991,123491
1023,26262
859,12799
704,17603
1146,11
1063,155802
628,105270
1013,198293
1063,61826
1087,35085
881,127704
981,111801
1047,102512
981,61012
1013,71078
987,1358
859,9760
446,325
1013,223257
702,63118
839,153883
702,114357
977,75239
702,67188
1013,124498
849,14292
492,157
1057,2554
971,31908
628,61874
702,45463
881,111576
812,2514
738,48012
1077,28926
814,7340
1063,212043
1077,3071
738,17228
971,21008
839,91497
802,72312
1067,14348
714,22716
660,2313
1013,11074
1047,17384
991,103346
1023,19897
1077,2966
702,146056
702,183814
1057,47110
981,77142
1013,144441
1057,46725
702,46828
949,95577
784,63562
784,6510
1047,69711
1087,76857
849,26561
925,37929
828,38957
859,33420
977,85405
881,39320
881,174113
911,18145
1053,43400
839,20998
1093,810
628,16489
1055,7036
784,77036
472,57
702,100681
911,49216
702,58962
702,159038
1063,22242
925,20663
788,30154
1053,78672
656,20915
1055,47920
656,28613
991,70668
1063,116097
839,83283
628,147773
991,176344
881,60247
784,24126
1039,41165
1021,15839
1039,17760
949,75653
599,293
1039,14362
849,24103
1053,64755
963,8921
881,19274
714,98098
1053,131314
971,19578
991,98964
1015,4423
949,32460
841,11049
911,35740
702,50797
971,41675
981,93378
802,59858
788,27317
911,74284
812,29888
1087,57650
919,105405
704,12862
802,32612
337,200
702,139307
828,292
1013,3458
802,50107
768,577
1053,69744
656,55747
949,2263
704,106677
702,95306
802,10799
911,66711
839,135382
981,92055
714,116271
977,154801
1013,36037
1053,36720
991,34625
911,93558
1013,61382
1063,180903
911,13012
981,117523
1053,30114
764,5983
925,26951
925,87359
881,163329
881,31085
1055,7391
824,26420
1047,8569
1063,35970
1063,39258
535,353
849,26628
977,116356
919,99376
812,52548
1013,70116
764,11962
849,23071
1055,16736
788,15024
881,109014
1013,20947
1097,4142
1047,26047
1063,186446
788,32110
991,32855
772,10590
1069,4995
812,60275
1039,33624
704,49457
714,59604
981,124548
738,30373
971,32171
714,7959
1053,40304
981,4435
704,47515
925,90582
382,233
839,83218
628,22602
1015,14291
881,141050
1053,78714
917,4470
971,45246
881,75607
828,4727
1013,151424
1077,18942
702,149125
1087,7965
1063,187018
1055,2730
949,55741
1077,26648
714,81415
949,70283
1067,75058
828,45125
704,54180
133,529
925,83748
622,19668
1047,81459
925,51637
535,166
1063,52246
1013,151564
1063,25382
831,22803
919,85486
88,237
1069,59458
881,181796
772,23357
881,27850
828,45894
702,8462
977,107510
991,157287
971,20086
991,155296
881,37129
949,67193
684,8318
704,16320
1013,24964
1053,46141
1039,29054
828,36039
1013,181903
1047,75835
802,21294
812,35879
1057,41936
977,78965
991,137062
628,53907
802,14351
704,121116
839,53969
252,215
828,56675
919,65915
1039,20269
656,29018
937,5165
1013,147669
1063,151574
991,11528
1021,23003
977,103717
1067,22630
1087,60785
704,80710
772,17658
1053,57978
738,114
628,73905
788,18398
911,34550
1013,149267
628,76047
963,3143
977,3600
656,2316
949,104373
977,132075
919,67417
84,336
911,8734
702,197792
925,90926
1055,29252
1047,65039
1013,188061
600,299
949,50509
881,70342
849,32355
656,58477
784,64950
544,415
704,31362
925,77815
38,137
5,496
1053,45369
714,72992
977,46978
628,55312
628,106779
1047,63779
839,161541
1067,38801
1063,43508
702,55969
991,34867
1013,135737
802,69675
839,156326
977,70998
1069,60654
806,17947
1095,49
702,34533
1039,28029
702,39483
951,6111
802,17939
704,95486
977,178819
784,54338
702,7248
1069,9760
788,15315
977,31872
925,116859
702,75359
971,46449
802,73763
839,165079
949,109255
881,154103
1053,120498
917,27415
881,190115
628,165005
949,111866
1061,9345
1061,21981
981,69209
688,6704
814,22783
925,41894
1023,20575
881,79479
949,52844
1055,43482
802,15285
1063,123593
784,60871
1097,38438
808,192
1061,7382
981,71453
881,64211
702,103759
1013,21654
784,18981
839,63194
963,14170
841,2519
925,46759
1013,32366
1057,76589
702,71011
839,4056
839,29887
919,6045
977,125673
567,382
839,10737
1013,108316
1053,20084
1013,154039
925,121985
977,136042
919,60993
1069,47893
925,13754
704,109201
917,37081
806,265
1013,222852
1063,155709
814,31977
1087,37012
1063,60129
977,103898
977,47632
1063,234736
911,90613
911,80089
881,42524
971,51648
919,3422
881,115146
977,116063
814,14352
1053,99449
859,4282
222,140
991,46403
788,33313
812,9798
831,1188
784,71995
977,34135
1087,105502
849,11362
977,84222
1013,226457
881,141078
881,88481
1053,103748
849,3412
949,97258
859,8240
704,135428
1013,196992
1013,30691
977,179071
925,123822
704,27274
702,103466
702,150261
911,109948
704,39784
991,110787
1013,221557
704,98895
722,529
881,106928
806,4005
628,21755
949,8597
702,175121
1055,40918
981,80470
714,44192
1063,112550
1063,215963
1067,19030
839,168644
841,32690
828,24842
881,83638
977,4680
1069,78359
702,74411
656,8193
824,24431
1069,52310
1063,151858
704,10333
1063,105576
839,135857
1067,79391
1067,75900
991,16508
1087,37030
881,100944
1067,48072
963,16645
1067,59682
1057,32710
704,28360
1053,89887
133,146
977,149739
688,4719
784,43846
859,25873
1067,12909
1013,156512
704,144672
714,92482
981,35681
704,140444
881,191998
702,95991
704,128123
738,2979
1063,41660
1053,111493
766,7209
702,92770
1013,68387
824,41663
447,147
1067,94337
628,169423
971,29633
806,5818
802,80008
738,38635
1063,217243
1063,168004
1013,19376
977,47357
1069,94378
1069,38867
702,156656
702,42513
1087,95695
1063,161387
714,51427
1013,118824
1087,27086
714,18229
628,69479
991,24206
839,176779
824,18449
859,114
1087,57421
1013,135648
714,115718
971,33078
60,105
1063,59336
824,38450
1021,26954
704,86062
628,134033
963,15362
981,60435
911,68134
1057,85394
925,78671
1061,14539
702,56668
702,106031
1057,50258
1063,32151
881,72210
802,16784
1069,78061
1097,2124
881,177384
949,112772
1047,49953
925,7177
600,208
714,83348
881,34840
949,23976
702,33810
1067,75878
1067,7101
1063,81629
704,94729
1053,3503
553,10
122,434
1067,85099
1063,103936
1053,75352
991,30313
812,40320
702,2366
1067,48223
714,44301
1063,134197
776,1127
688,12501
322,72
981,115173
1063,155765
839,107568
949,102497
1053,12407
977,79431
1013,217014
1063,46978
839,136661
1053,65451
628,98206
628,117291
839,46689
414,280
1023,25628
1047,78550
810,1075
1047,45629
977,158174
688,23381
849,26257
859,16799
977,105805
881,189302
1047,52982
919,32093
563,69
977,97837
1069,81903
628,108196
839,155859
828,30026
971,12447
1069,77476
828,48383
1015,23839
1039,6935
1013,59512
1047,89143
977,57965
977,129587
881,13556
1053,49938
1087,37240
1063,60886
1063,75874
963,13685
981,79199
784,39801
841,13748
919,89192
1053,105918
2101,104
881,80930
788,8628
1069,51737
839,141310
911,110823
925,3514
881,85361
758,8259
145,348
784,20330
628,165277
991,182830
917,25344
977,29934
688,11538
977,151160
766,8390
704,84361
1097,24139
1013,63160
1013,89060
1055,31706
1069,17050
802,36539
981,81676
784,79207
1053,110333
602,285
812,4607
1063,137478
919,88638
977,53071
849,15795
1087,23701
1069,70178
949,72994
824,59928
991,116437
1013,184136
1047,74173
881,129161
991,68979
981,32903
917,33477
991,158389
1013,221555
839,74184
738,47351
788,14262
1039,20990
828,1362
881,157081
841,29873
991,12839
802,12820
1053,101054
1013,16817
1021,26747
1063,63869
704,146354
839,19821
628,83921
1067,86434
812,8846
688,18456
656,54440
1039,46549
859,16741
991,78444
704,23677
738,16713
1087,45091
977,129240
991,2232
881,73791
656,32774
971,48387
1013,55240
1063,21903
1063,194728
1053,5267
977,11527
839,104177
919,8849
963,1203
977,120877
714,67684
1053,52
772,7038
1063,142679
1015,10821
688,16948
1057,89117
859,27154
949,109498
839,66632
756,7081
991,160206
628,134567
1047,102036
1077,20634
1013,31722
628,35962
824,53413
1013,81744
688,3167
240,306
702,126899
1057,60964
1063,156651
977,11605
971,37788
1063,104180
702,138145
977,125529
881,84783
859,28264
1063,216147
839,99174
788,8046
802,19928
1047,109155
849,3539
925,126705
648,1217
1063,132272
772,25954
1063,36129
1055,48776
1013,151880
925,90891
839,71217
1053,114958
1013,141060
839,48863
911,18703
824,14266
1063,100708
714,116050
991,129793
839,49303
656,63013
828,34148
828,70427
981,80717
1013,141433
1053,28135
824,52207
1013,196742
981,95831
911,14217
911,78795
122,315
839,158525
1047,83002
977,167176
1087,47260
839,90323
738,32414
756,8775
1069,69815
784,85739
1057,5553
963,5194
911,42037
688,5410
971,24153
622,12527
1053,81818
828,44892
949,104316
949,89369
714,48785
981,45797
802,52139
784,20565
622,7640
824,21282
617,48
919,43113
981,93279
1069,43193
814,7271
949,51531
622,16445
628,89787
1063,55401
1039,10241
1069,69733
1067,19843
981,30604
881,88681
919,32942
925,23338
919,13725
925,13389
702,158842
702,60535
917,17120
1047,46625
949,88203
881,11013
839,99397
1061,20603
599,129
925,116140
704,26036
991,80226
382,140
1067,80832
824,61326
977,136952
656,51250
911,69364
919,57181
831,13286
702,106988
1069,57633
485,255
802,8865
991,73831
925,79613
1063,93660
963,19239
702,175721
628,74142
925,9093
881,23626
1069,64823
1067,8516
802,9904
981,110201
1175,91
991,154595
911,35455
839,172344
704,130153
949,4734
1023,32231
704,49768
656,27529
1047,84901
714,19647
919,80671
981,28736
977,52595
1069,59298
740,3966
925,37114
991,82745
1057,78355
714,21326
812,60740
971,24642
802,69075
1015,6977
949,89541
549,370
288,142
824,18119
925,54457
828,15263
911,80801
1053,88246
951,9082
1013,63028
1063,96530
738,5702
991,77632
977,44661
991,65626
802,2225
1023,24855
917,30390
839,36780
702,34391
1013,40676
991,131152
1015,5381
1053,118029
824,13500
704,58950
869,627
424,122
1013,178846
1047,5302
828,42302
977,55496
977,24940
1047,90262
911,115988
977,74953
981,110857
881,9109
919,38897
812,8421
628,90583
702,177361
197,227
1097,963
949,116229
925,41068
991,111609
1047,27806
839,104880
981,134227
756,242
714,22105
1057,81303
911,37464
881,161363
738,26325
925,86700
949,88741
812,44110
370,150
628,99061
925,39740
881,36449
560,117
714,15321
949,24146
1055,3380
1053,48480
702,79761
981,37
802,5960
628,16784
1057,53624
802,39625
859,25884
881,166599
911,21542
1013,22834
688,10082
911,10276
1023,40120
881,44328
1069,4198
622,18837
977,90629
1063,175442
911,60453
222,461
1039,16116
839,124550
1067,108957
738,25620
971,37846
656,9327
1067,77545
1067,23129
714,125158
738,49362
1063,191609
814,15833
911,43480
951,13305
